 local Dimitrisbase = {
  {["Item"] = "LargeCrateOpen", ["Amount"] = 7, ["Whole"] = true, {Vector3.new(-23.5901489, 12.900074, -17.7293625), CFrame.new(0, 0, 0, 0, 0, 1, 0, 1, -0, -1, 0, 0)}, {Vector3.new(-23.5901489, 12.9000587, 12.2706375), CFrame.new(0, 0, 0, 0, 0, 1, 0, 1, -0, -1, 0, 0)}, {Vector3.new(-23.5901489, 12.9000435, 5.27063751), CFrame.new(0, 0, 0, 0, 0, 1, 0, 1, -0, -1, 0, 0)}, {Vector3.new(-23.5901489, 12.9000587, 18.2706375), CFrame.new(0, 0, 0, 0, 0, 1, 0, 1, -0, -1, 0, 0)}, {Vector3.new(-23.5901489, 12.9000435, -9.72936249), CFrame.new(0, 0, 0, 0, 0, 1, 0, 1, -0, -1, 0, 0)}, {Vector3.new(-23.5901489, 12.9000587, -2.72936249), CFrame.new(0, 0, 0, 0, 0, 1, 0, 1, -0, -1, 0, 0)}, {Vector3.new(-23.5901489, 12.9000587, -25.7293625), CFrame.new(0, 0, 0, 0, 0, 1, 0, 1, -0, -1, 0, 0)}}
  , 
  {["Item"] = "Timber", ["Amount"] = 39, ["Whole"] = false, {Vector3.new(-22.4733276, 5.0000124, 48.2374344), CFrame.new(0, 0, 0, 1.1920929e-07, -1, 0, 0, 0, 0.99999994, -1, -1.1920929e-07, 0)}, {Vector3.new(17.5266724, 5.0000124, 48.2374344), CFrame.new(0, 0, 0, 0, -1, 0, 0, 0, 1, -1, 0, 0)}, {Vector3.new(13.5266724, 5.0000124, 48.2374344), CFrame.new(0, 0, 0, 0, -1, 0, 0, 0, 1, -1, 0, 0)}, {Vector3.new(21.5266724, 5.0000124, 48.2374344), CFrame.new(0, 0, 0, 0, -1, 0, 0, 0, 1, -1, 0, 0)}, {Vector3.new(-42.4482422, 5.0000124, 43.0051956), CFrame.new(0, 0, 0, 0.70710665, -0.707106829, 0, 0, 0, 0.99999994, -0.707106829, -0.70710665, 0)}, {Vector3.new(-26.4733276, 5.0000124, 48.2374344), CFrame.new(0, 0, 0, 0, -1, 0, 0, 0, 1, -1, 0, 0)}, {Vector3.new(-30.4733276, 5.0000124, 48.2374344), CFrame.new(0, 0, 0, 0, -1, 0, 0, 0, 1, -1, 0, 0)}, {Vector3.new(29.5266724, 5.0000124, 48.2374344), CFrame.new(0, 0, 0, 0, -1, 0, 0, 0, 1, -1, 0, 0)}, {Vector3.new(-36.4733276, 5.0000124, 46.2374344), CFrame.new(0, 0, 0, 1, 0, -0, 0, 0, 1, 0, -1, 0)}, {Vector3.new(1.52667236, 5.00002766, 48.2374344), CFrame.new(0, 0, 0, 0, -1, 0, 0, 0, 1, -1, 0, 0)}, {Vector3.new(-2.47332764, 5.00002766, 48.2374344), CFrame.new(0, 0, 0, 0, -1, 0, 0, 0, 1, -1, 0, 0)}, {Vector3.new(5.52667236, 5.00002766, 48.2374344), CFrame.new(0, 0, 0, 0, -1, 0, 0, 0, 1, -1, 0, 0)}, {Vector3.new(9.52667236, 5.00002766, 48.2374344), CFrame.new(0, 0, 0, 0, -1, 0, 0, 0, 1, -1, 0, 0)}, {Vector3.new(-34.4733276, 5.0000124, 48.2374344), CFrame.new(0, 0, 0, 0, -1, 0, 0, 0, 1, -1, 0, 0)}, {Vector3.new(-44.5695801, 5.0000124, 40.8838577), CFrame.new(0, 0, 0, 0.70710665, -0.707106829, 0, 0, 0, 0.99999994, -0.707106829, -0.70710665, 0)}, {Vector3.new(40.6731567, 5.00002766, 45.8336258), CFrame.new(0, 0, 0, 0.707106829, -0.707106829, 0, 0, 0, 1, -0.707106829, -0.707106829, 0)}, {Vector3.new(25.5266724, 5.0000124, 48.2374344), CFrame.new(0, 0, 0, 0, -1, 0, 0, 0, 1, -1, 0, 0)}, {Vector3.new(-14.4733276, 5.0000124, 48.2374344), CFrame.new(0, 0, 0, 0, -1, 0, 0, 0, 1, -1, 0, 0)}, {Vector3.new(-18.4733276, 5.0000124, 48.2374344), CFrame.new(0, 0, 0, 0, -1, 0, 0, 0, 1, -1, 0, 0)}, {Vector3.new(-6.47332764, 5.0000124, 48.2374344), CFrame.new(0, 0, 0, 0, -1, 0, 0, 0, 1, -1, 0, 0)}, {Vector3.new(-10.4733276, 5.0000124, 48.2374344), CFrame.new(0, 0, 0, 0, -1, 0, 0, 0, 1, -1, 0, 0)}, {Vector3.new(37.5266724, 5.00000095, 45.2374344), CFrame.new(0, 0, 0, 1, 0, -0, 0, 0, 1, 0, -1, 0)}, {Vector3.new(45.6228638, 5.00002766, 40.8839035), CFrame.new(0, 0, 0, 0.707106829, -0.707106829, 0, 0, 0, 1, -0.707106829, -0.707106829, 0)}, {Vector3.new(33.5266724, 5.00004292, 48.2374344), CFrame.new(0, 0, 0, 1.1920929e-07, -1, 0, 0, 0, 0.99999994, -1, -1.1920929e-07, 0)}, {Vector3.new(42.7944336, 5.00002766, 43.7123184), CFrame.new(0, 0, 0, 0.707106829, -0.707106829, 0, 0, 0, 1, -0.707106829, -0.707106829, 0)}, {Vector3.new(-39.619812, 5.0000124, 45.8336563), CFrame.new(0, 0, 0, 0.70710665, -0.707106829, 0, 0, 0, 0.99999994, -0.707106829, -0.70710665, 0)}, {Vector3.new(-47.0266724, 5.0000124, 17.1945572), CFrame.new(0, 0, 0, 1, 0, -0, 0, 0, 1, 0, -1, 0)}, {Vector3.new(-47.0266724, 5.0000124, -22.8054428), CFrame.new(0, 0, 0, 1, 1.1920929e-07, 0, 0, 0, 0.99999994, 1.1920929e-07, -1, 0)}, {Vector3.new(-47.0266724, 5.00002766, -2.80544281), CFrame.new(0, 0, 0, 1, 0, -0, 0, 0, 1, 0, -1, 0)}, {Vector3.new(-47.0266724, 5.00002766, 5.19455719), CFrame.new(0, 0, 0, 1, 0, -0, 0, 0, 1, 0, -1, 0)}, {Vector3.new(-41.7944946, 5.0000124, -42.7803421), CFrame.new(0, 0, 0, 0.707106829, 0.70710665, 0, 0, 0, 0.99999994, 0.70710665, -0.707106829, 0)}, {Vector3.new(-47.0266724, 5.0000124, 21.1945572), CFrame.new(0, 0, 0, 1, 0, -0, 0, 0, 1, 0, -1, 0)}, {Vector3.new(-45.0266724, 5.0000124, -36.8054428), CFrame.new(0, 0, 0, 0, 1, 0, 0, 0, 1, 1, 0, 0)}, {Vector3.new(-47.0266724, 5.0000124, -26.8054428), CFrame.new(0, 0, 0, 1, 0, -0, 0, 0, 1, 0, -1, 0)}, {Vector3.new(-47.0266724, 5.0000124, 13.1945572), CFrame.new(0, 0, 0, 1, 0, -0, 0, 0, 1, 0, -1, 0)}, {Vector3.new(-47.0266724, 5.00002766, 1.19455719), CFrame.new(0, 0, 0, 1, 0, -0, 0, 0, 1, 0, -1, 0)}, {Vector3.new(-47.0266724, 5.00002003, -30.8054428), CFrame.new(0, 0, 0, 1, 0, -0, 0, 0, 1, 0, -1, 0)}, {Vector3.new(-47.0266724, 5.0000124, 29.1945572), CFrame.new(0, 0, 0, 1, 0, -0, 0, 0, 1, 0, -1, 0)}, {Vector3.new(-47.0266724, 5.0000124, -34.8054428), CFrame.new(0, 0, 0, 1, 0, -0, 0, 0, 1, 0, -1, 0)}, {Vector3.new(-47.0266724, 5.0000124, -6.80544281), CFrame.new(0, 0, 0, 1, 0, -0, 0, 0, 1, 0, -1, 0)}, {Vector3.new(-39.6731567, 5.0000124, -44.9016495), CFrame.new(0, 0, 0, 0.707106829, 0.70710665, 0, 0, 0, 0.99999994, 0.70710665, -0.707106829, 0)}, {Vector3.new(-47.0266724, 5.0000124, 25.1945572), CFrame.new(0, 0, 0, 1, 0, -0, 0, 0, 1, 0, -1, 0)}, {Vector3.new(-47.0266724, 5.00002766, 9.19455719), CFrame.new(0, 0, 0, 1, 0, -0, 0, 0, 1, 0, -1, 0)}, {Vector3.new(-47.0266724, 5.0000124, -14.8054428), CFrame.new(0, 0, 0, 1, 0, -0, 0, 0, 1, 0, -1, 0)}, {Vector3.new(-47.0266724, 5.0000124, -18.8054428), CFrame.new(0, 0, 0, 1, 0, -0, 0, 0, 1, 0, -1, 0)}, {Vector3.new(-47.0266724, 5.0000124, -10.8054428), CFrame.new(0, 0, 0, 1, 0, -0, 0, 0, 1, 0, -1, 0)}, {Vector3.new(-47.0266724, 5.00004292, 33.1945572), CFrame.new(0, 0, 0, 1, 1.1920929e-07, 0, 0, 0, 0.99999994, 1.1920929e-07, -1, 0)}, {Vector3.new(-44.6228638, 5.0000124, -39.9518967), CFrame.new(0, 0, 0, 0.707106829, 0.70710665, 0, 0, 0, 0.99999994, 0.70710665, -0.707106829, 0)}, {Vector3.new(-45.0266724, 5.00005436, 37.1945572), CFrame.new(0, 0, 0, 1, 0, -0, 0, 0, 1, 0, -1, 0)}, {Vector3.new(-37.1051025, 5.00008488, -46.2374344), CFrame.new(0, 0, 0, 0, 1, 0, 0, 0, 1, 1, 0, 0)}, {Vector3.new(26.8948975, 5.00004673, -48.2374344), CFrame.new(0, 0, 0, 0, 1, 0, 0, 0, 1, 1, 0, 0)}, {Vector3.new(-1.10510254, 5.00005436, -48.2374344), CFrame.new(0, 0, 0, 0, 1, 0, 0, 0, 1, 1, 0, 0)}, {Vector3.new(-21.1051025, 5.00004673, -48.2374344), CFrame.new(0, 0, 0, 0, 1, 0, 0, 0, 1, 1, 0, 0)}, {Vector3.new(44.9911499, 5.00004673, -40.8839035), CFrame.new(0, 0, 0, -0.70710665, 0.707106829, 0, 0, 0, 0.99999994, 0.707106829, 0.70710665, 0)}, {Vector3.new(-17.1051025, 5.00004673, -48.2374344), CFrame.new(0, 0, 0, 0, 1, 0, 0, 0, 1, 1, 0, 0)}, {Vector3.new(36.8948975, 5.00004673, -45.2374344), CFrame.new(0, 0, 0, -1, 0, 0, 0, 0, 1, 0, 1, -0)}, {Vector3.new(22.8948975, 5.00004673, -48.2374344), CFrame.new(0, 0, 0, -1.1920929e-07, 1, 0, 0, 0, 0.99999994, 1, 1.1920929e-07, 0)}, {Vector3.new(42.869812, 5.00004673, -43.0052261), CFrame.new(0, 0, 0, -0.70710665, 0.707106829, 0, 0, 0, 0.99999994, 0.707106829, 0.70710665, 0)}, {Vector3.new(-5.10510254, 5.00005436, -48.2374344), CFrame.new(0, 0, 0, 0, 1, 0, 0, 0, 1, 1, 0, 0)}, {Vector3.new(-13.1051025, 5.00004673, -48.2374344), CFrame.new(0, 0, 0, 0, 1, 0, 0, 0, 1, 1, 0, 0)}, {Vector3.new(2.89489746, 5.00005436, -48.2374344), CFrame.new(0, 0, 0, 0, 1, 0, 0, 0, 1, 1, 0, 0)}, {Vector3.new(30.8948975, 5.00002766, -48.2374344), CFrame.new(0, 0, 0, 0, 1, 0, 0, 0, 1, 1, 0, 0)}, {Vector3.new(-29.1051025, 5.00004673, -48.2374344), CFrame.new(0, 0, 0, 0, 1, 0, 0, 0, 1, 1, 0, 0)}, {Vector3.new(34.8948975, 5.00004673, -48.2374344), CFrame.new(0, 0, 0, 0, 1, 0, 0, 0, 1, 1, 0, 0)}, {Vector3.new(6.89489746, 5.00004673, -48.2374344), CFrame.new(0, 0, 0, 0, 1, 0, 0, 0, 1, 1, 0, 0)}, {Vector3.new(-9.10510254, 5.00005436, -48.2374344), CFrame.new(0, 0, 0, 0, 1, 0, 0, 0, 1, 1, 0, 0)}, {Vector3.new(14.8948975, 5.00004673, -48.2374344), CFrame.new(0, 0, 0, 0, 1, 0, 0, 0, 1, 1, 0, 0)}, {Vector3.new(18.8948975, 5.00004673, -48.2374344), CFrame.new(0, 0, 0, 0, 1, 0, 0, 0, 1, 1, 0, 0)}, {Vector3.new(-25.1051025, 5.00004673, -48.2374344), CFrame.new(0, 0, 0, 0, 1, 0, 0, 0, 1, 1, 0, 0)}, {Vector3.new(40.0413208, 5.00004673, -45.8336563), CFrame.new(0, 0, 0, -0.70710665, 0.707106829, 0, 0, 0, 0.99999994, 0.707106829, 0.70710665, 0)}, {Vector3.new(-33.1051025, 5.00007343, -48.2374344), CFrame.new(0, 0, 0, -1.1920929e-07, 1, 0, 0, 0, 0.99999994, 1, 1.1920929e-07, 0)}, {Vector3.new(47.0266724, 5.00004292, -33.2625656), CFrame.new(0, 0, 0, -1, -1.1920929e-07, 0, 0, 0, 0.99999994, -1.1920929e-07, 1, 0)}, {Vector3.new(10.8948975, 5.00004673, -48.2374344), CFrame.new(0, 0, 0, 0, 1, 0, 0, 0, 1, 1, 0, 0)}, {Vector3.new(47.0266724, 5.00002003, -21.2625656), CFrame.new(0, 0, 0, -1, 0, 0, 0, 0, 1, 0, 1, -0)}, {Vector3.new(47.0266724, 5.00002003, -29.2625656), CFrame.new(0, 0, 0, -1, 0, 0, 0, 0, 1, 0, 1, -0)}, {Vector3.new(47.0266724, 5.00002003, -25.2625656), CFrame.new(0, 0, 0, -1, 0, 0, 0, 0, 1, 0, 1, -0)}, {Vector3.new(44.0266724, 5.00004292, -37.2625656), CFrame.new(0, 0, 0, 0, -1, 0, 0, 0, 1, -1, 0, 0)}, {Vector3.new(47.0266724, 5.00002766, 32.7374344), CFrame.new(0, 0, 0, -1, 0, 0, 0, 0, 1, 0, 1, -0)}, {Vector3.new(47.0266724, 5.00002766, 24.7374344), CFrame.new(0, 0, 0, -1, 0, 0, 0, 0, 1, 0, 1, -0)}, {Vector3.new(47.0266724, 5.00002766, 28.7374344), CFrame.new(0, 0, 0, -1, 0, 0, 0, 0, 1, 0, 1, -0)}, {Vector3.new(47.0266724, 5.00005436, 20.7374344), CFrame.new(0, 0, 0, -1, -1.1920929e-07, 0, 0, 0, 0.99999994, -1.1920929e-07, 1, 0)}, {Vector3.new(44.0266724, 5.0000124, 36.7374344), CFrame.new(0, 0, 0, -0.999999881, 5.96046448e-08, 0, 0, 0, 0.999999881, 5.96046448e-08, 0.999999881, 0)}, {Vector3.new(47.0266724, 5.0000124, 16.7374344), CFrame.new(0, 0, 0, -1, -1.1920929e-07, 0, 0, 0, 0.99999994, -1.1920929e-07, 1, 0)}, {Vector3.new(47.0266724, 5.0000124, 12.7374344), CFrame.new(0, 0, 0, -1, -1.1920929e-07, 0, 0, 0, 0.99999994, -1.1920929e-07, 1, 0)}, {Vector3.new(47.0266724, 5.0000124, 9.73743439), CFrame.new(0, 0, 0, -1, -1.1920929e-07, 0, 0, 0, 0.99999994, -1.1920929e-07, 1, 0)}, {Vector3.new(41.0266724, 5.00005436, 35.7374344), CFrame.new(0, 0, 0, -0.999999881, 5.96046448e-08, 0, 0, 0, 0.999999881, 5.96046448e-08, 0.999999881, 0)}, {Vector3.new(36.430481, 5.0000124, 41.591011), CFrame.new(0, 0, 0, -0.707106709, 0.70710665, 0, 0, 0, 0.999999821, 0.70710665, 0.707106709, 0)}, {Vector3.new(41.5266724, 5.00000095, -36.7625656), CFrame.new(0, 0, 0, -1, 0, 0, 0, 0, 1, 0, 1, -0)}, {Vector3.new(35.5266724, 5.00000095, -42.7625656), CFrame.new(0, 0, 0, -1, 0, 0, 0, 0, 1, 0, 1, -0)}, {Vector3.new(-35.430481, 5.00000095, -42.0732346), CFrame.new(0, 0, 0, -0.707106829, -0.70710665, 0, 0, 0, 0.99999994, -0.70710665, 0.707106829, 0)}, {Vector3.new(-42.4733276, 5.00000095, -35.7625656), CFrame.new(0, 0, 0, -1, 0, 0, 0, 0, 1, 0, 1, -0)}, {Vector3.new(-40.3269043, 5.00007343, 36.6412277), CFrame.new(0, 0, 0, -0.707106829, 0.70710665, 0, 0, 0, 0.99999994, 0.70710665, 0.707106829, 0)}, {Vector3.new(-33.4733276, 5.0000124, 42.2374344), CFrame.new(0, 0, 0, -0.999999881, 5.96046448e-08, 0, 0, 0, 0.999999881, 5.96046448e-08, 0.999999881, 0)}, {Vector3.new(47.0266724, 4.99999332, -17.2625656), CFrame.new(0, 0, 0, -1, 0, 0, 0, 0, 1, 0, 1, -0)}, {Vector3.new(47.0266724, 4.99999332, -13.2625656), CFrame.new(0, 0, 0, -1, 0, 0, 0, 0, 1, 0, 1, -0)}, {Vector3.new(47.0266724, 4.99999332, -10.2625656), CFrame.new(0, 0, 0, -1, 0, 0, 0, 0, 1, 0, 1, -0)}, {Vector3.new(47.0266724, 12.0000124, -6.26256561), CFrame.new(0, 0, 0, 0, 1, 0, 1, 0, 0, 0, 0, -1)}, {Vector3.new(47.0266724, 12.0000429, -30.2625656), CFrame.new(0, 0, 0, 0, 1, 0, 1, 0, 0, 0, 0, -1)}, {Vector3.new(5.89489746, 12.0000734, -48.2374344), CFrame.new(0, 0, 0, 0, 0, -1, 1, 0, 0, 0, -1, 0)}, {Vector3.new(29.8948975, 12.0000467, -48.2374344), CFrame.new(0, 0, 0, 0, 0, -1, 1, 0, 0, 0, -1, 0)}, {Vector3.new(17.8948975, 12.0000467, -48.2374344), CFrame.new(0, 0, 0, 0, 0, -1, 1, 0, 0, 0, -1, 0)}, {Vector3.new(-6.10510254, 12.0000734, -48.2374344), CFrame.new(0, 0, 0, 0, 0, -1, 1, 0, 0, 0, -1, 0)}, {Vector3.new(-18.1051025, 12.0000467, -48.2374344), CFrame.new(0, 0, 0, 0, 0, -1, 1, 0, 0, 0, -1, 0)}, {Vector3.new(-30.1051025, 12.0000734, -48.2374344), CFrame.new(0, 0, 0, 0, 0, -1, 1, 0, 0, 0, -1, 0)}, {Vector3.new(-47.0266724, 12.00002, -29.8054428), CFrame.new(0, 0, 0, 0, -1, 0, 1, 0, -0, 0, 0, 1)}, {Vector3.new(-47.0266724, 12.0000277, -17.8054428), CFrame.new(0, 0, 0, 0, -1, 0, 1, 0, -0, 0, 0, 1)}, {Vector3.new(-47.0266724, 12.0000277, -5.80544281), CFrame.new(0, 0, 0, 0, -1, 0, 1, 0, -0, 0, 0, 1)}, {Vector3.new(-47.0266724, 12.0000277, 6.19455719), CFrame.new(0, 0, 0, 0, -1, 0, 1, 0, -0, 0, 0, 1)}, {Vector3.new(-47.0266724, 12.0000124, 18.1945572), CFrame.new(0, 0, 0, 0, -1, 0, 1, 0, -0, 0, 0, 1)}, {Vector3.new(-47.0266724, 12.0000429, 30.1945572), CFrame.new(0, 0, 0, 0, -1, 0, 1, 0, -0, 0, 0, 1)}, {Vector3.new(-29.4733276, 12.0000277, 48.2374344), CFrame.new(0, 0, 0, 0, 0, 1, 1, 0, 0, 0, 1, 0)}, {Vector3.new(-17.4733276, 12.0000277, 48.2374344), CFrame.new(0, 0, 0, 0, 0, 1, 1, 0, 0, 0, 1, 0)}, {Vector3.new(-5.47332764, 12.0000277, 48.2374344), CFrame.new(0, 0, 0, 0, 0, 1, 1, 0, 0, 0, 1, 0)}, {Vector3.new(6.52667236, 12.0000353, 48.2374344), CFrame.new(0, 0, 0, 0, 0, 1, 1, 0, 0, 0, 1, 0)}, {Vector3.new(18.5266724, 12.0000124, 48.2374344), CFrame.new(0, 0, 0, 0, 0, 1, 1, 0, 0, 0, 1, 0)}, {Vector3.new(30.5266724, 12.0000429, 48.2374344), CFrame.new(0, 0, 0, 0, 0, 1, 1, 0, 0, 0, 1, 0)}, {Vector3.new(47.0266724, 12.0000734, 29.7374344), CFrame.new(0, 0, 0, 0, 1, 0, 1, 0, 0, 0, 0, -1)}, {Vector3.new(47.0266724, 12.0000544, 17.7374344), CFrame.new(0, 0, 0, 0, 1, 0, 1, 0, 0, 0, 0, -1)}, {Vector3.new(47.0266724, 12.0000124, 5.73743439), CFrame.new(0, 0, 0, 0, 1, 0, 1, 0, 0, 0, 0, -1)}, {Vector3.new(28.5266724, 35.999958, 26.2374344), CFrame.new(0, 0, 0, 0, 1, 0, 1, 0, 0, 0, 0, -1)}, {Vector3.new(22.8948975, 5.00002766, -42.2374344), CFrame.new(0, 0, 0, 0.707106829, 0, -0.707106829, 0.707106829, 0, 0.707106829, 0, -1, 0)}, {Vector3.new(24.5266724, 6.00000095, 42.2374344), CFrame.new(0, 0, 0, 0.707106829, 0, -0.707106829, 0.707106829, 0, 0.707106829, 0, -1, 0)}, {Vector3.new(28.5266724, 10.0000029, -1.76256561), CFrame.new(0, 0, 0, 0, 1, 0, 1, 0, 0, 0, 0, -1)}, {Vector3.new(13.7025757, 4.29292393, -31.2374344), CFrame.new(0, 0, 0, 0.707106829, 0, -0.707106829, 0.707106829, 0, 0.707106829, 0, -1, 0)}, {Vector3.new(5.21728516, 12.7782021, -31.2374344), CFrame.new(0, 0, 0, 0.707106829, 0, -0.707106829, 0.707106829, 0, 0.707106829, 0, -1, 0)}, {Vector3.new(0.267578125, 17.7279625, -31.2374344), CFrame.new(0, 0, 0, 0.707106829, 0, -0.707106829, 0.707106829, 0, 0.707106829, 0, -1, 0)}, {Vector3.new(-8.2177124, 26.2132397, -31.2374344), CFrame.new(0, 0, 0, 0.707106829, 0, -0.707106829, 0.707106829, 0, 0.707106829, 0, -1, 0)}, {Vector3.new(-11.7532349, 29.7487507, -31.2374344), CFrame.new(0, 0, 0, 0.707106829, 0, -0.707106829, 0.707106829, 0, 0.707106829, 0, -1, 0)}, {Vector3.new(47.0266724, 11.9999933, -18.2625656), CFrame.new(0, 0, 0, 0, 1, 0, 1, 0, 0, 0, 0, -1)}, {Vector3.new(28.5266724, 35.9999657, 14.2374344), CFrame.new(0, 0, 0, 0, 1, 0, 1, 0, 0, 0, 0, -1)}, {Vector3.new(28.5266724, 35.999958, 2.23743439), CFrame.new(0, 0, 0, 0, 1, 0, 1, 0, 0, 0, 0, -1)}, {Vector3.new(28.5266724, 35.9999657, -9.76256561), CFrame.new(0, 0, 0, 0, 1, 0, 1, 0, 0, 0, 0, -1)}, {Vector3.new(28.5266724, 35.9999657, -21.7625656), CFrame.new(0, 0, 0, 0, 1, 0, 1, 0, 0, 0, 0, -1)}, {Vector3.new(28.5266724, 35.9999657, -21.7625656), CFrame.new(0, 0, 0, 0, 1, 0, 1, 0, 0, 0, 0, -1)}, {Vector3.new(-27.4733276, 35.9999657, -21.7625656), CFrame.new(0, 0, 0, 0, 1, 0, 1, 0, 0, 0, 0, -1)}, {Vector3.new(-27.4733276, 35.999958, -9.76256561), CFrame.new(0, 0, 0, 0, 1, 0, 1, 0, 0, 0, 0, -1)}, {Vector3.new(-27.4733276, 35.999958, 2.23743439), CFrame.new(0, 0, 0, 0, 1, 0, 1, 0, 0, 0, 0, -1)}, {Vector3.new(-27.4733276, 35.999958, 14.2374344), CFrame.new(0, 0, 0, 0, 1, 0, 1, 0, 0, 0, 0, -1)}, {Vector3.new(-27.4733276, 35.9999657, 26.2374344), CFrame.new(0, 0, 0, 0, 1, 0, 1, 0, 0, 0, 0, -1)}, {Vector3.new(-20.4733276, 35.9999657, 31.2374344), CFrame.new(0, 0, 0, 0, 0, 1, 1, 0, 0, 0, 1, 0)}, {Vector3.new(-8.47332764, 35.9999733, 31.2374344), CFrame.new(0, 0, 0, 0, 0, 1, 1, 0, 0, 0, 1, 0)}, {Vector3.new(3.52667236, 35.9999809, 31.2374344), CFrame.new(0, 0, 0, 0, 0, 1, 1, 0, 0, 0, 1, 0)}, {Vector3.new(15.5266724, 35.9999809, 31.2374344), CFrame.new(0, 0, 0, 0, 0, 1, 1, 0, 0, 0, 1, 0)}, {Vector3.new(15.5266724, 35.9999809, 31.2374344), CFrame.new(0, 0, 0, 0, 0, 1, 1, 0, 0, 0, 1, 0)}, {Vector3.new(15.5266724, 35.9999809, -33.7625656), CFrame.new(0, 0, 0, 0, 0, 1, 1, 0, 0, 0, 1, 0)}, {Vector3.new(3.52667236, 35.9999809, -33.7625656), CFrame.new(0, 0, 0, 0, 0, 1, 1, 0, 0, 0, 1, 0)}, {Vector3.new(-8.47332764, 35.9999657, -33.7625656), CFrame.new(0, 0, 0, 0, 0, 1, 1, 0, 0, 0, 1, 0)}, {Vector3.new(-20.4733276, 35.9999657, -33.7625656), CFrame.new(0, 0, 0, 0, 0, 1, 1, 0, 0, 0, 1, 0)}, {Vector3.new(-20.4733276, 35.9999657, -33.7625656), CFrame.new(0, 0, 0, 0, 0, 1, 1, 0, 0, 0, 1, 0)}, {Vector3.new(-26.9451904, 5.0000124, -33.5879135), CFrame.new(0, 0, 0, 0.707106829, 0.70710665, 0, 0, 0, 0.99999994, 0.70710665, -0.707106829, 0)}, {Vector3.new(-26.9451904, 16.9999962, -33.5879135), CFrame.new(0, 0, 0, 0.707106829, 0.70710665, 0, 0, 0, 0.99999994, 0.70710665, -0.707106829, 0)}, {Vector3.new(-27.598999, 5.0000124, 30.9843674), CFrame.new(0, 0, 0, 0.707106829, 0.70710665, 0, 0, 0, 0.99999994, 0.70710665, -0.707106829, 0)}, {Vector3.new(-27.598999, 16.9999962, 30.9843674), CFrame.new(0, 0, 0, 0.707106829, 0.70710665, 0, 0, 0, 0.99999994, 0.70710665, -0.707106829, 0)}}
  , 
  {["Item"] = "Bricks", ["Amount"] = 6, ["Whole"] = false, {Vector3.new(-43.9157715, 12.0000124, -40.6590118), CFrame.new(0, 0, 0, 0.707106829, 0, -0.70710665, 0, 0.99999994, 0, 0.70710665, 0, 0.707106829)}, {Vector3.new(-41.0873413, 12.0000124, -43.4874496), CFrame.new(0, 0, 0, 0.707106829, 0, -0.70710665, 0, 0.99999994, 0, 0.70710665, 0, 0.707106829)}, {Vector3.new(-38.2588501, 12.0000124, -46.3158951), CFrame.new(0, 0, 0, 0.707106829, 0, -0.70710665, 0, 0.99999994, 0, 0.70710665, 0, 0.707106829)}, {Vector3.new(-45.6124268, 12.0000124, -37.8054428), CFrame.new(0, 0, 0, 0.707106829, 0, -0.707106829, 0, 1, 0, 0.707106829, 0, 0.707106829)}, {Vector3.new(40.7484741, 12.0001154, -45.1265488), CFrame.new(0, 0, 0, 0.707106471, 0, 0.70710665, 0, 0.999999583, 0, -0.70710665, 0, 0.707106471)}, {Vector3.new(43.5769653, 12.0000467, -42.2981186), CFrame.new(0, 0, 0, 0.707106471, 0, 0.70710665, 0, 0.999999583, 0, -0.70710665, 0, 0.707106471)}, {Vector3.new(37.8949585, 12.0000467, -46.8232193), CFrame.new(0, 0, 0, 0, 0.707106829, 0.707106829, -1, 0, 0, 0, -0.707106829, 0.707106829)}, {Vector3.new(46.0266724, 12.0000429, -37.2625656), CFrame.new(0, 0, 0, 0, -1, -1.1920929e-07, -0.99999994, 0, 0, 0, 1.1920929e-07, -1)}, {Vector3.new(44.2087402, 10.0000296, 36.6413193), CFrame.new(0, 0, 0, -0.707107723, 8.42935677e-08, -0.707105637, 0, -0.999999821, -1.19209268e-07, -0.707105637, -8.42938164e-08, 0.707107723)}, {Vector3.new(45.6229858, 10.0000296, 38.0555191), CFrame.new(0, 0, 0, -0.707107723, 8.42935677e-08, -0.707105637, 0, -0.999999821, -1.19209268e-07, -0.707105637, -8.42938164e-08, 0.707107723)}, {Vector3.new(-37.1271362, 10.0000448, 45.2656326), CFrame.new(0, 0, 0, 0, -0.707106829, -0.707106829, -1, 0, 0, 0, 0.707106829, -0.707106829)}, {Vector3.new(-42.7839966, 10.0000448, 35.3661728), CFrame.new(0, 0, 0, 0, -0.707106829, -0.707106829, -1, 0, 0, 0, 0.707106829, -0.707106829)}, {Vector3.new(-35.7129517, 10.0000448, 43.8514175), CFrame.new(0, 0, 0, 0, -0.707106829, -0.707106829, -1, 0, 0, 0, 0.707106829, -0.707106829)}, {Vector3.new(-43.8624268, 12.0000544, 41.5909805), CFrame.new(0, 0, 0, 0.707105041, -5.81326276e-07, 0.707104564, 4.26323148e-13, 0.999997556, 8.22119546e-07, -0.707106531, -5.81326219e-07, 0.707104504)}, {Vector3.new(-41.0339966, 12.0000124, 44.4194412), CFrame.new(0, 0, 0, 0.707105815, 0, 0.707107842, 0, 1, 0, -0.707107842, 0, 0.707105815)}, {Vector3.new(-37.4733276, 12.000001, 47.2374649), CFrame.new(0, 0, 0, 0, 0.707106829, 0.707106829, -1, 0, 0, 0, -0.707106829, 0.707106829)}, {Vector3.new(-45.6124268, 12.0000429, 38.1945877), CFrame.new(0, 0, 0, 0, -0.707106829, -0.707106829, -1, 0, 0, 0, 0.707106829, -0.707106829)}, {Vector3.new(-17.4733276, 33.9999657, -31.7625656), CFrame.new(0, 0, 0, 0, 0, 1, 0, 1, -0, -1, 0, 0)}, {Vector3.new(38.5266724, 12.0000429, 48.2374344), CFrame.new(0, 0, 0, 1.53226893e-06, 1.96696601e-06, -1, -1, 8.18545232e-12, -1.53226904e-06, 1.25055521e-12, 1, 1.96696851e-06)}, {Vector3.new(39.9660645, 12.0000277, 46.5407181), CFrame.new(0, 0, 0, -0.707107723, 8.42935677e-08, -0.707105637, 0, -0.999999821, -1.19209268e-07, -0.707105637, -8.42938164e-08, 0.707107723)}, {Vector3.new(29.5266724, 0, -41.7625656), CFrame.new(0, 0, 0, -2.98023224e-08, 0, 0.999999642, 0, 0.999999523, 0, -0.999999642, 0, -2.98023224e-08)}, {Vector3.new(15.8948975, 9.00005627, -42.2374344), CFrame.new(0, 0, 0, 8.94069672e-08, 0, 0.999999642, 0, 0.999999523, 0, -0.999999642, 0, 8.94069672e-08)}, {Vector3.new(30.5266724, 0, 42.2374344), CFrame.new(0, 0, 0, 0, 0, -1, 0, -1, -0, -1, 0, -0)}, {Vector3.new(19.5266724, 10.0000029, 42.2374344), CFrame.new(0, 0, 0, 0, 0, -1, 0, -1, -0, -1, 0, -0)}, {Vector3.new(28.5266724, 10.0000029, 4.23743439), CFrame.new(0, 0, 0, 1, 0, 0, 0, -1, 0, 0, 0, -1)}, {Vector3.new(42.7944336, 12.0000277, 43.7123184), CFrame.new(0, 0, 0, -0.707107723, 8.42935677e-08, -0.707105637, 0, -0.999999821, -1.19209268e-07, -0.707105637, -8.42938164e-08, 0.707107723)}, {Vector3.new(44.9156494, 12.0000277, 41.5910416), CFrame.new(0, 0, 0, -0.707107723, 8.42935677e-08, -0.707105637, 0, -0.999999821, -1.19209268e-07, -0.707105637, -8.42938164e-08, 0.707107723)}, {Vector3.new(47.0266724, 12.0000734, 37.7374344), CFrame.new(0, 0, 0, -1, 0, 0, 0, -1, 0, 0, 0, 1)}, {Vector3.new(38.5518799, 10.0000296, 45.1265335), CFrame.new(0, 0, 0, -0.707107723, 8.42935677e-08, -0.707105637, 0, -0.999999821, -1.19209268e-07, -0.707105637, -8.42938164e-08, 0.707107723)}, {Vector3.new(37.1376953, 10.0000296, 43.7123489), CFrame.new(0, 0, 0, -0.707107723, 8.42935677e-08, -0.707105637, 0, -0.999999821, -1.19209268e-07, -0.707105637, -8.42938164e-08, 0.707107723)}, {Vector3.new(37.8447876, 10.0000296, 45.8336258), CFrame.new(0, 0, 0, -0.707107723, 8.42935677e-08, -0.707105637, 0, -0.999999821, -1.19209268e-07, -0.707105637, -8.42938164e-08, 0.707107723)}, {Vector3.new(44.9911499, 12.0000467, -40.8838882), CFrame.new(0, 0, 0, 0.707106471, 0, 0.70710665, 0, 0.999999583, 0, -0.70710665, 0, 0.707106471)}, {Vector3.new(44.9053345, 10.0000448, -37.5554733), CFrame.new(0, 0, 0, 0, -0.707106829, -0.707106829, -1, 0, 0, 0, 0.707106829, -0.707106829)}, {Vector3.new(43.4911499, 10.0000448, -36.1412582), CFrame.new(0, 0, 0, 0, -0.707106829, -0.707106829, -1, 0, 0, 0, 0.707106829, -0.707106829)}, {Vector3.new(36.4807739, 10.0000486, -45.4090042), CFrame.new(0, 0, 0, 0, 0.707106829, 0.707106829, -1, 0, 0, 0, -0.707106829, 0.707106829)}, {Vector3.new(35.0665894, 10.0000486, -43.9947891), CFrame.new(0, 0, 0, 0, 0.707106829, 0.707106829, -1, 0, 0, 0, -0.707106829, 0.707106829)}, {Vector3.new(18.5266724, 0, -31.7625656), CFrame.new(0, 0, 0, 0, 0, 1, 0, 1, -0, -1, 0, 0)}, {Vector3.new(-6.47332764, 21.9999695, -31.7625656), CFrame.new(0, 0, 0, 0, 0, 1, 0, 1, -0, -1, 0, 0)}, {Vector3.new(-44.1982422, 10.0000448, 36.7803879), CFrame.new(0, 0, 0, 0, -0.707106829, -0.707106829, -1, 0, 0, 0, 0.707106829, -0.707106829)}, {Vector3.new(-36.4200439, 10.0000143, -44.1694107), CFrame.new(0, 0, 0, 0.707106829, 0, -0.707106829, 0, 1, 0, 0.707106829, 0, 0.707106829)}, {Vector3.new(-44.9053345, 10.0000143, -35.6841202), CFrame.new(0, 0, 0, 0.707106829, 0, -0.707106829, 0, 1, 0, 0.707106829, 0, 0.707106829)}, {Vector3.new(-37.8342285, 10.0000143, -45.5836258), CFrame.new(0, 0, 0, 0.707106829, 0, -0.707106829, 0, 1, 0, 0.707106829, 0, 0.707106829)}, {Vector3.new(28.5266724, 35.9999657, -28.7625656), CFrame.new(0, 0, 0, 0, 1, 0, 1, 0, 0, 0, 0, -1)}, {Vector3.new(28.5266724, 35.9999657, -32.7625656), CFrame.new(0, 0, 0, 0, 1, 0, 1, 0, 0, 0, 0, -1)}, {Vector3.new(-27.4733276, 35.9999657, -32.7625656), CFrame.new(0, 0, 0, 0, 1, 0, 1, 0, 0, 0, 0, -1)}, {Vector3.new(-27.4733276, 35.9999657, -29.7625656), CFrame.new(0, 0, 0, 0, 1, 0, 1, 0, 0, 0, 0, -1)}, {Vector3.new(23.5266724, 35.9999809, 31.2374344), CFrame.new(0, 0, 0, 0, 0, -1, 1, 0, 0, 0, -1, 0)}, {Vector3.new(26.5266724, 35.9999657, 31.2374344), CFrame.new(0, 0, 0, 0, 0, -1, 1, 0, 0, 0, -1, 0)}, {Vector3.new(26.5266724, 35.9999657, -33.7625656), CFrame.new(0, 0, 0, 0, 0, -1, 1, 0, 0, 0, -1, 0)}, {Vector3.new(23.5266724, 35.9999657, -33.7625656), CFrame.new(0, 0, 0, 0, 0, -1, 1, 0, 0, 0, -1, 0)}}
  , 
  {["Item"] = "Floodlight", ["Amount"] = 11, ["Whole"] = true, {Vector3.new(31.1766357, 22.1600113, 13.7874222), CFrame.new(0, 0, 0, 0, -1, 0, 0, 0, 1, -1, 0, 0)}, {Vector3.new(31.1766357, 22.1600113, 3.78742218), CFrame.new(0, 0, 0, 0, -1, 0, 0, 0, 1, -1, 0, 0)}, {Vector3.new(31.1766357, 22.1600113, 20.7874222), CFrame.new(0, 0, 0, 0, -1, 0, 0, 0, 1, -1, 0, 0)}, {Vector3.new(31.1766357, 22.1600113, 30.7874222), CFrame.new(0, 0, 0, 0, -1, 0, 0, 0, 1, -1, 0, 0)}, {Vector3.new(31.1766357, 22.1600113, -16.2125778), CFrame.new(0, 0, 0, 0, -1, 0, 0, 0, 1, -1, 0, 0)}, {Vector3.new(31.1766357, 22.1600113, -6.21257782), CFrame.new(0, 0, 0, 0, -1, 0, 0, 0, 1, -1, 0, 0)}, {Vector3.new(25.8766479, 12.1000032, -28.7725601), CFrame.new(0, 0, 0, 1, 0, 0, 0, -1, 0, 0, 0, -1)}, {Vector3.new(31.1766357, 22.1600113, -23.2125778), CFrame.new(0, 0, 0, 0, -1, 0, 0, 0, 1, -1, 0, 0)}, {Vector3.new(23.8766479, 12.1000032, 27.347435), CFrame.new(0, 0, 0, -1, 0, 0, 0, -1, 0, 0, 0, 1)}, {Vector3.new(-23.1233521, 12.1000299, 27.347435), CFrame.new(0, 0, 0, -1, 0, 0, 0, -1, 0, 0, 0, 1)}, {Vector3.new(-23.1233521, 12.1000032, -30.7725601), CFrame.new(0, 0, 0, 1, 0, 0, 0, -1, 0, 0, 0, -1)}}
  , 
  {["Item"] = "Planks", ["Amount"] = 1, ["Whole"] = false, {Vector3.new(43.0266724, 11.2000732, 2.73743439), CFrame.new(0, 0, 0, 0, 0, 1, 0, -1, 0, 1, 0, -0)}, {Vector3.new(43.0266724, 11.2000732, -5.26256561), CFrame.new(0, 0, 0, 0, 0, 1, 0, -1, 0, 1, 0, -0)}, {Vector3.new(45.0266724, 11.2000732, 2.73743439), CFrame.new(0, 0, 0, 0, 0, 1, 0, -1, 0, 1, 0, -0)}, {Vector3.new(45.0266724, 11.2000618, -5.26250458), CFrame.new(0, 0, 0, 0, 0, 1, 0, -1, 0, 1, 0, -0)}, {Vector3.new(43.0266724, 11.2000923, 4.73743439), CFrame.new(0, 0, 0, 0, 0, 1, 0, -1, 0, 1, 0, -0)}, {Vector3.new(45.0266724, 11.2000732, 4.73749542), CFrame.new(0, 0, 0, 0, 0, 1, 0, -1, 0, 1, 0, -0)}}
  , 
