R = game.Workspace.Remote
Mats = game.Lighting.Materials
SpecialBypass = true
if not debug == nil or not debug.getupvalues then
SpecialBypass = false
function KillPlayer(Part)
Plr = GetPlayer(Part)
if Plr ~= nil and Plr:FindFirstChild("Humanoid") and Plr:FindFirstChild("HumanoidRootPart") then
local H = Plr.Character.HumanoidRootPart
Position = H.Position
R.AddClothing:FireServer("IsBuildingMaterial", H, "", "", "")
repeat
wait()
until H:FindFirstChild("IsBuildingMaterial")
R.ReplicatePart:FireServer(H, CFrame.new(Position.X, -10000, Position.Z))
end
end
elseif SpecialBypass == true then
Serial = nil
GetKey = nil
local metaCall = getrawmetatable(getrenv().shared)
for i, v in pairs(debug.getupvalues(metaCall.__index)) do
if i == 3 then
for a, b in pairs(debug.getupvalues(v)) do
if a == 6 then
Serial = b
elseif a == 7 then
GetKey = b
end
end
end
end
function fireserver(Re, ...)
Re = R[tostring(Re)]
Re:FireServer(Serial({...}, GetKey()))
end
function MoveItem(Item, Par)
fireserver("GrabItem", Par, game.Players, Item)
end
function KillPlayer(Part)
Plr = GetPlayer(Part)
if Plr ~= nil and Plr:FindFirstChild("Humanoid") then
fireserver("GrabItem", Plr.HumanoidRootPart, game.Players, Plr.Head)
end
end
function FillChest(Chest, ItemList)
LootDrops = game.Lighting.LootDrops
Storage = Chest.Head.storage
SacrificeItem = game.Lighting.PatientZero
SacPar = SacrificeItem.Parent
MoveItem(SacrificeItem, Mats)
Count()
for i = 1, #ItemList do
if LootDrops:FindFirstChild(ItemList[i]) and LootDrops[ItemList[i]]:FindFirstChild("ObjectID") then
ItemList[i] = {LootDrops[ItemList[i]].ObjectID, LootDrops[ItemList[i]]}
MoveItem(ItemList[i][1], SacrificeItem)
Count()
end
end
repeat
wait()
until SacrificeItem.Parent == Mats and #SacrificeItem:GetChildren() >= #ItemList
pcall(function() R["PlaceMaterial"]:FireServer(tostring(SacrificeItem), Vector3.new(0, 0, 0)) end)
Count()
repeat
wait()
until game.Workspace:FindFirstChild(tostring(SacrificeItem))
MoveItem(SacrificeItem, SacPar)
Count()
for i = 1, #ItemList do
MoveItem(ItemList[i][1], ItemList[i][2])
Count()
end
local ItemHolder = game.Workspace:FindFirstChild(tostring(SacrificeItem))
local Amount = 0
for i, v in pairs(ItemHolder:GetChildren()) do
if v.Name == "ObjectID" then
Amount = Amount + 1
MoveItem(v, Storage["slot"..tostring(Amount)])
Count()
end
end
wait()
for i, v in pairs(game.Workspace:GetChildren()) do 
if v.Name == tostring(SacrificeItem) then
MoveItem(v, game.ReplicatedStorage.DefaultChatSystemChatEvents.OnUnmuted)
Count()
end
end
end
end

function TeleportPlayer(Part, Position)
Plr = GetPlayer(Part)
if Plr ~= nil and Plr:FindFirstChild("Humanoid") and Plr:FindFirstChild("HumanoidRootPart") then
local H = Plr.HumanoidRootPart
R.AddClothing:FireServer("IsBuildingMaterial", H, "", "", "")
repeat
wait()
until H:FindFirstChild("IsBuildingMaterial")
R.ReplicatePart:FireServer(H, CFrame.new(Position.X, Position.Y, Position.Z))
end
end

function GetPlayer(T)
if T == nil or T.Parent == nil then
return nil
end
repeat
T = T.Parent
until T == nil or T.Parent == nil or T:FindFirstChild("Head") and T:FindFirstChild("HumanoidRootPart")
return T
end

function HandleSpecial(Item, Tab, Pos)
if SpecialBypass == false and not (Tab[1] == "Teleport" or Tab[1] == "Kill") then
return
end
if Tab[1] == "Kill" or Tab[1] == "Teleport" then
local ItemsTab = {}
if Item:IsA("BasePart") then
table.insert(ItemsTab, Item)
elseif Item:IsA("Model") then
for i, v in pairs(Item:GetChildren()) do
if v:IsA("BasePart") then
table.insert(ItemsTab, v)
end
end
end
for i = 1, #ItemsTab do
ItemsTab[i].Touched:connect(function(Part)
if Tab[1] == "Kill" then
KillPlayer(Part)
elseif Tab[1] == "Teleport" then
TeleportPlayer(Part, Pos+Tab[2])
end
end)
end
elseif Tab[1] == "Fill" then
FillChest(Item, Tab[2])
end
end

function PlaceItem(Item, Pos, Val)
pcall(function() R["PlaceMaterial"]:FireServer(tostring(Item), Pos-Mats[tostring(Item)].Head.Position, false, Val) end)
end
Times = 0
MaxTimes = 1000
function Count()
Times = Times + 1
if Times > MaxTimes then
wait(1)
Times = 0
end
end

function SpawnParts(Item, Amount, Val)
PlrPos = game.Players.LocalPlayer.Character.Head.Position
for i = 1, Amount do
PlaceItem(Item, PlrPos+Vector3.new(0, 10, 0), Val)
Count()
end
end

function CountParts(TheWS, Item, Val)
local Amount = 0
local Parts = {}
for i, v in pairs(game.Workspace:GetChildren()) do
if TheWS[v] ~= true and v:FindFirstChild("IsBuildingMaterial") and (v:IsA("BasePart") and v.Size == Mats[Item].Head.Size or Val == true and v:FindFirstChild("Head") and v.Name == Item) then
Amount = Amount + 1
table.insert(Parts, v)
end
end
return {Amount, Parts}
end

function MoveParts(Items, ItemTab, Spot)
local Broken = false
for i = 1, #Items do
if ItemTab[i] == nil then
Broken = true
if Items[i]:FindFirstChild("Head") then
R.ReplicateModel:FireServer(Items[i], CFrame.new(100000, -100, 1000))
else
R.ReplicatePart:FireServer(Items[i], CFrame.new(100000, -100, 1000))
end
elseif ItemTab[i] ~= nil and ItemTab[i][3] ~= nil then
HandleSpecial(Items[i], ItemTab[i][3], Spot)
end
if not Items[i]:FindFirstChild("Head") and Broken ~= true then
local Pos = (ItemTab[i][2]+Spot+ItemTab[i][1])
R.ReplicatePart:FireServer(Items[i], Pos)
elseif Broken ~= true then
local Pos = (ItemTab[i][2]+ItemTab[i][1]+Spot)
R.ReplicateModel:FireServer(Items[i], Pos)
end
Count()
end
end

function SpawnBase(Tab, Spot)
for i = 1, #Tab do
local Item = Tab[i]["Item"]
local Amount = Tab[i]["Amount"]
local Whole = Tab[i]["Whole"]
local WS = {}
for i, v in pairs(game.Workspace:GetChildren()) do
WS[v] = true
end
SpawnParts(Item, Amount, not Whole)
repeat
wait()
until (Whole == false and CountParts(WS, Item, Whole)[1] == #Mats[Item]:GetChildren()*Amount) or (Whole == true and CountParts(WS, Item, Whole)[1] == Amount)
local PartsTab = CountParts(WS, Item, Whole)[2]
MoveParts(PartsTab, Tab[i], Spot)
end
end

local HeadGlitch = {
  {["Item"] = "LargeCrateOpen", ["Amount"] = 8, ["Whole"] = true, {Vector3.new(-3.42663574, 37.748024, -8.33816528), CFrame.new(0, 0, 0, -1, 0, 0, 0, 1, 0, 0, 0, -1), {"Fill", {"0", "0", "0", "0", "0", "0", "0", "0", "0", "0", "0", "0", "0", "0", "0", "0", "0", "0", "0", "0", "0", "0", "0", "0", "0", "0", "0", "0", "0", "0", "0", "0", "0", "0", "0", "0", "0", "0", "0", "0"}}}, {Vector3.new(3.01034546, 37.748024, -8.55914307), CFrame.new(0, 0, 0, -1, 0, 0, 0, 1, 0, 0, 0, -1), {"Fill", {"0", "0", "0", "0", "0", "0", "0", "0", "0", "0", "0", "0", "0", "0", "0", "0", "0", "0", "0", "0", "0", "0", "0", "0", "0", "0", "0", "0", "0", "0", "0", "0", "0", "0", "0", "0", "0", "0", "0", "0"}}}, {Vector3.new(-3.42663574, 37.748024, 5.64852905), CFrame.new(0, 0, 0, 1, 0, 0, 0, 1, 0, 0, 0, 1), {"Fill", {"0", "0", "0", "0", "0", "0", "0", "0", "0", "0", "0", "0", "0", "0", "0", "0", "0", "0", "0", "0", "0", "0", "0", "0", "0", "0", "0", "0", "0", "0", "0", "0", "0", "0", "0", "0", "0", "0", "0", "0"}}}, {Vector3.new(3.01034546, 37.748024, 5.46621704), CFrame.new(0, 0, 0, 1, 0, 0, 0, 1, 0, 0, 0, 1), {"Fill", {"0", "0", "0", "0", "0", "0", "0", "0", "0", "0", "0", "0", "0", "0", "0", "0", "0", "0", "0", "0", "0", "0", "0", "0", "0", "0", "0", "0", "0", "0", "0", "0", "0", "0", "0", "0", "0", "0", "0", "0"}}}, {Vector3.new(-7.10522461, 37.6808929, -3.59320068), CFrame.new(0, 0, 0, 0, 0, -1, 0, 1, 0, 1, 0, 0), {"Fill", {"0", "0", "0", "0", "0", "0", "0", "0", "0", "0", "0", "0", "0", "0", "0", "0", "0", "0", "0", "0", "0", "0", "0", "0", "0", "0", "0", "0", "0", "0", "0", "0", "0", "0", "0", "0", "0", "0", "0", "0"}}}, {Vector3.new(-7.10522461, 37.6808929, 1.33950806), CFrame.new(0, 0, 0, 0, 0, -1, 0, 1, 0, 1, 0, 0), {"Fill", {"0", "0", "0", "0", "0", "0", "0", "0", "0", "0", "0", "0", "0", "0", "0", "0", "0", "0", "0", "0", "0", "0", "0", "0", "0", "0", "0", "0", "0", "0", "0", "0", "0", "0", "0", "0", "0", "0", "0", "0"}}}, {Vector3.new(7.31472778, 37.6808929, 0.568847656), CFrame.new(0, 0, 0, 0, 0, 1, 0, 1, -0, -1, 0, 0), {"Fill", {"0", "0", "0", "0", "0", "0", "0", "0", "0", "0", "0", "0", "0", "0", "0", "0", "0", "0", "0", "0", "0", "0", "0", "0", "0", "0", "0", "0", "0", "0", "0", "0", "0", "0", "0", "0", "0", "0", "0", "0"}}}, {Vector3.new(7.31472778, 37.6808929, -4.05566406), CFrame.new(0, 0, 0, 0, 0, 1, 0, 1, -0, -1, 0, 0), {"Fill", {"0", "0", "0", "0", "0", "0", "0", "0", "0", "0", "0", "0", "0", "0", "0", "0", "0", "0", "0", "0", "0", "0", "0", "0", "0", "0", "0", "0", "0", "0", "0", "0", "0", "0", "0", "0", "0", "0", "0", "0"}}}}
  , 
  {["Item"] = "Timber", ["Amount"] = 5, ["Whole"] = false, {Vector3.new(0.149169922, 29.4119682, 47.4079285), CFrame.new(0, 0, 0, 0, 1, 0, 0, 0, 1, 1, 0, 0)}, {Vector3.new(0.149169922, 18.1051598, 47.4079285), CFrame.new(0, 0, 0, 0, 1, 0, 0, 0, 1, 1, 0, 0)}, {Vector3.new(0.149169922, 14.7105751, 47.4079285), CFrame.new(0, 0, 0, 0, 1, 0, 0, 0, 1, 1, 0, 0)}, {Vector3.new(0.149169922, 3.40376711, 47.4079285), CFrame.new(0, 0, 0, 0, 1, 0, 0, 0, 1, 1, 0, 0)}, {Vector3.new(0.149169922, 18.1051598, -47.4078979), CFrame.new(0, 0, 0, 0, 1, 0, 0, 0, 1, 1, 0, 0)}, {Vector3.new(0.149169922, 29.4119682, -47.4078979), CFrame.new(0, 0, 0, 0, 1, 0, 0, 0, 1, 1, 0, 0)}, {Vector3.new(0.149169922, 14.7105751, -47.4078979), CFrame.new(0, 0, 0, 0, 1, 0, 0, 0, 1, 1, 0, 0)}, {Vector3.new(0.149169922, 3.40376711, -47.4078979), CFrame.new(0, 0, 0, 0, 1, 0, 0, 0, 1, 1, 0, 0)}, {Vector3.new(-46.2454529, 18.1051598, -0.60546875), CFrame.new(0, 0, 0, 0, 1, 0, 0, 0, 1, 1, 0, 0)}, {Vector3.new(-46.2454529, 29.4119682, -0.60546875), CFrame.new(0, 0, 0, 0, 1, 0, 0, 0, 1, 1, 0, 0)}, {Vector3.new(-46.2454529, 14.7105751, -0.60546875), CFrame.new(0, 0, 0, 0, 1, 0, 0, 0, 1, 1, 0, 0)}, {Vector3.new(-46.2454529, 3.40376711, -0.60546875), CFrame.new(0, 0, 0, 0, 1, 0, 0, 0, 1, 1, 0, 0)}, {Vector3.new(45.7595825, 18.1051598, -0.60546875), CFrame.new(0, 0, 0, 0, 1, 0, 0, 0, 1, 1, 0, 0)}, {Vector3.new(45.7595825, 29.4119682, -0.60546875), CFrame.new(0, 0, 0, 0, 1, 0, 0, 0, 1, 1, 0, 0)}, {Vector3.new(45.7595825, 14.7105751, -0.60546875), CFrame.new(0, 0, 0, 0, 1, 0, 0, 0, 1, 1, 0, 0)}, {Vector3.new(45.7595825, 3.40376711, -0.60546875), CFrame.new(0, 0, 0, 0, 1, 0, 0, 0, 1, 1, 0, 0)}}
  , 
  {["Item"] = "Bricks", ["Amount"] = 3, ["Whole"] = false, {Vector3.new(0.318939209, 50.8400917, 35.7411804), CFrame.new(0, 0, 0, 1, 0, 0, 0, 1, 0, 0, 0, 1)}, {Vector3.new(0.318939209, 50.8400917, 38.5497742), CFrame.new(0, 0, 0, 1, 0, 0, 0, 1, 0, 0, 0, 1)}, {Vector3.new(2.10083008, 50.8400917, 38.5497742), CFrame.new(0, 0, 0, 1, 0, 0, 0, 1, 0, 0, 0, 1)}, {Vector3.new(2.10083008, 50.8400917, 35.7411804), CFrame.new(0, 0, 0, 1, 0, 0, 0, 1, 0, 0, 0, 1)}, {Vector3.new(-1.58712769, 50.8400917, 35.7411804), CFrame.new(0, 0, 0, 1, 0, 0, 0, 1, 0, 0, 0, 1)}, {Vector3.new(-1.58712769, 50.8400917, 38.5497742), CFrame.new(0, 0, 0, 1, 0, 0, 0, 1, 0, 0, 0, 1)}, {Vector3.new(-1.58712769, 50.8400917, -36.6898193), CFrame.new(0, 0, 0, 1, 0, 0, 0, 1, 0, 0, 0, 1)}, {Vector3.new(-1.58712769, 50.8400917, -33.8812256), CFrame.new(0, 0, 0, 1, 0, 0, 0, 1, 0, 0, 0, 1)}, {Vector3.new(0.318939209, 50.8400917, -33.8812256), CFrame.new(0, 0, 0, 1, 0, 0, 0, 1, 0, 0, 0, 1)}, {Vector3.new(0.318939209, 50.8400917, -36.6898193), CFrame.new(0, 0, 0, 1, 0, 0, 0, 1, 0, 0, 0, 1)}, {Vector3.new(2.10083008, 50.8400917, -36.6898193), CFrame.new(0, 0, 0, 1, 0, 0, 0, 1, 0, 0, 0, 1)}, {Vector3.new(2.10083008, 50.8400917, -33.8812256), CFrame.new(0, 0, 0, 1, 0, 0, 0, 1, 0, 0, 0, 1)}, {Vector3.new(-31.7983398, 50.8783569, -0.913970947), CFrame.new(0, 0, 0, 0, 0, 1, 0, 1, -0, -1, 0, 0)}, {Vector3.new(-31.7983398, 50.8783569, 0.867889404), CFrame.new(0, 0, 0, 0, 0, 1, 0, 1, -0, -1, 0, 0)}, {Vector3.new(-31.7983398, 50.8783569, 2.7739563), CFrame.new(0, 0, 0, 0, 0, 1, 0, 1, -0, -1, 0, 0)}, {Vector3.new(-34.6069336, 50.8783569, 2.7739563), CFrame.new(0, 0, 0, 0, 0, 1, 0, 1, -0, -1, 0, 0)}, {Vector3.new(-34.6069336, 50.8783569, -0.913970947), CFrame.new(0, 0, 0, 0, 0, 1, 0, 1, -0, -1, 0, 0)}, {Vector3.new(35.1013489, 50.8162689, -0.913970947), CFrame.new(0, 0, 0, 0, 0, 1, 0, 1, -0, -1, 0, 0)}, {Vector3.new(32.2927551, 50.8162689, -0.913970947), CFrame.new(0, 0, 0, 0, 0, 1, 0, 1, -0, -1, 0, 0)}, {Vector3.new(32.2927551, 50.8162689, 0.867889404), CFrame.new(0, 0, 0, 0, 0, 1, 0, 1, -0, -1, 0, 0)}, {Vector3.new(35.1013489, 50.8162689, 0.867889404), CFrame.new(0, 0, 0, 0, 0, 1, 0, 1, -0, -1, 0, 0)}, {Vector3.new(35.1013489, 50.8162689, 2.7739563), CFrame.new(0, 0, 0, 0, 0, 1, 0, 1, -0, -1, 0, 0)}, {Vector3.new(32.2927551, 50.8162689, 2.7739563), CFrame.new(0, 0, 0, 0, 0, 1, 0, 1, -0, -1, 0, 0)}, {Vector3.new(-34.592804, 50.8783569, 0.867889404), CFrame.new(0, 0, 0, 0, 0, 1, 0, 1, -0, -1, 0, 0)}}
  , 
  {["Item"] = "Planks", ["Amount"] = 4, ["Whole"] = false, {Vector3.new(5.48223877, 39.2894974, 32.8154297), CFrame.new(0, 0, 0, 1, 0, 0, 0, -1, 0, 0, 0, -1)}, {Vector3.new(13.2466736, 39.2894974, 32.8154297), CFrame.new(0, 0, 0, 1, 0, 0, 0, -1, 0, 0, 0, -1)}, {Vector3.new(-2.0461731, 39.2894974, 32.8154297), CFrame.new(0, 0, 0, 1, 0, 0, 0, -1, 0, 0, 0, -1)}, {Vector3.new(-25.2611084, 39.2894974, 32.8154297), CFrame.new(0, 0, 0, 1, 0, 0, 0, -1, 0, 0, 0, -1)}, {Vector3.new(-9.96826172, 39.2894974, 32.8154297), CFrame.new(0, 0, 0, 1, 0, 0, 0, -1, 0, 0, 0, -1)}, {Vector3.new(-17.7326965, 39.2894974, 32.8154297), CFrame.new(0, 0, 0, 1, 0, 0, 0, -1, 0, 0, 0, -1)}, {Vector3.new(11.0731201, 39.2894974, 32.8154297), CFrame.new(0, 0, 0, 1, 0, 0, 0, -1, 0, 0, 0, -1)}, {Vector3.new(26.3659668, 39.2894974, 32.8154297), CFrame.new(0, 0, 0, 1, 0, 0, 0, -1, 0, 0, 0, -1)}, {Vector3.new(18.601532, 39.2894974, 32.8154297), CFrame.new(0, 0, 0, 1, 0, 0, 0, -1, 0, 0, 0, -1)}, {Vector3.new(-25.2611084, 39.2894974, -31.1958008), CFrame.new(0, 0, 0, 1, 0, 0, 0, -1, 0, 0, 0, -1)}, {Vector3.new(-17.7326965, 39.2894974, -31.1958008), CFrame.new(0, 0, 0, 1, 0, 0, 0, -1, 0, 0, 0, -1)}, {Vector3.new(-2.0461731, 39.2894974, -31.1958008), CFrame.new(0, 0, 0, 1, 0, 0, 0, -1, 0, 0, 0, -1)}, {Vector3.new(13.2466736, 39.2894974, -31.1958008), CFrame.new(0, 0, 0, 1, 0, 0, 0, -1, 0, 0, 0, -1)}, {Vector3.new(5.48223877, 39.2894974, -31.1958008), CFrame.new(0, 0, 0, 1, 0, 0, 0, -1, 0, 0, 0, -1)}, {Vector3.new(26.3659668, 39.2894974, -31.1958008), CFrame.new(0, 0, 0, 1, 0, 0, 0, -1, 0, 0, 0, -1)}, {Vector3.new(18.601532, 39.2894974, -31.1958008), CFrame.new(0, 0, 0, 1, 0, 0, 0, -1, 0, 0, 0, -1)}, {Vector3.new(-9.96826172, 39.2894974, -31.1958008), CFrame.new(0, 0, 0, 1, 0, 0, 0, -1, 0, 0, 0, -1)}, {Vector3.new(-29.0665283, 39.2286072, 25.4146729), CFrame.new(0, 0, 0, 0, 0, -1, 0, -1, -0, -1, 0, -0)}, {Vector3.new(-29.0665283, 39.2286072, 17.886261), CFrame.new(0, 0, 0, 0, 0, -1, 0, -1, -0, -1, 0, -0)}, {Vector3.new(-29.0665283, 39.2286072, 2.19973755), CFrame.new(0, 0, 0, 0, 0, -1, 0, -1, -0, -1, 0, -0)}, {Vector3.new(-29.0665283, 39.2286072, -13.0931091), CFrame.new(0, 0, 0, 0, 0, -1, 0, -1, -0, -1, 0, -0)}, {Vector3.new(-29.0665283, 39.2286072, -5.32867432), CFrame.new(0, 0, 0, 0, 0, -1, 0, -1, -0, -1, 0, -0)}, {Vector3.new(-29.0665283, 39.2286072, -26.2124023), CFrame.new(0, 0, 0, 0, 0, -1, 0, -1, -0, -1, 0, -0)}, {Vector3.new(-29.0665283, 39.2286072, -18.4479675), CFrame.new(0, 0, 0, 0, 0, -1, 0, -1, -0, -1, 0, -0)}, {Vector3.new(-29.0665283, 39.2286072, 10.1218262), CFrame.new(0, 0, 0, 0, 0, -1, 0, -1, -0, -1, 0, -0)}, {Vector3.new(29.9558105, 39.2286072, -26.2124023), CFrame.new(0, 0, 0, 0, 0, -1, 0, -1, -0, -1, 0, -0)}, {Vector3.new(29.9558105, 39.2286072, -18.4479675), CFrame.new(0, 0, 0, 0, 0, -1, 0, -1, -0, -1, 0, -0)}, {Vector3.new(29.9558105, 39.2286072, -13.0931091), CFrame.new(0, 0, 0, 0, 0, -1, 0, -1, -0, -1, 0, -0)}, {Vector3.new(29.9558105, 39.2286072, -5.32867432), CFrame.new(0, 0, 0, 0, 0, -1, 0, -1, -0, -1, 0, -0)}, {Vector3.new(29.9558105, 39.2286072, 2.19973755), CFrame.new(0, 0, 0, 0, 0, -1, 0, -1, -0, -1, 0, -0)}, {Vector3.new(29.9558105, 39.2286072, 10.1218262), CFrame.new(0, 0, 0, 0, 0, -1, 0, -1, -0, -1, 0, -0)}, {Vector3.new(29.9558105, 39.2286072, 17.886261), CFrame.new(0, 0, 0, 0, 0, -1, 0, -1, -0, -1, 0, -0)}, {Vector3.new(29.9558105, 39.2286072, 25.4146729), CFrame.new(0, 0, 0, 0, 0, -1, 0, -1, -0, -1, 0, -0)}, {Vector3.new(-29.0665283, 39.2286072, 30.1706543), CFrame.new(0, 0, 0, 0, 0, -1, 0, -1, -0, -1, 0, -0)}, {Vector3.new(-29.0665283, 39.2286072, -28.4936218), CFrame.new(0, 0, 0, 0, 0, -1, 0, -1, -0, -1, 0, -0)}, {Vector3.new(29.9558105, 39.2286072, 28.3044739), CFrame.new(0, 0, 0, 0, 0, -1, 0, -1, -0, -1, 0, -0)}}
  , 
  {["Item"] = "MetalTruss", ["Amount"] = 4, ["Whole"] = false, {Vector3.new(0.31036377, 53.4976006, 45.7974854), CFrame.new(0, 0, 0, -1, 0, 0, 0, -1, 0, 0, 0, 1)}, {Vector3.new(-45.6247253, 39.8553581, -0.13760376), CFrame.new(0, 0, 0, 0, 0, -1, 0, -1, -0, -1, 0, -0)}, {Vector3.new(-45.6247253, 47.6486778, -0.13760376), CFrame.new(0, 0, 0, 0, 0, -1, 0, -1, -0, -1, 0, -0)}, {Vector3.new(46.2454529, 47.6486778, -0.13760376), CFrame.new(0, 0, 0, 0, 0, -1, 0, -1, -0, -1, 0, -0)}, {Vector3.new(46.2454529, 39.8553581, -0.13760376), CFrame.new(0, 0, 0, 0, 0, -1, 0, -1, -0, -1, 0, -0)}, {Vector3.new(0.31036377, 47.4729958, -46.0726929), CFrame.new(0, 0, 0, -1, 0, 0, 0, -1, 0, 0, 0, 1)}, {Vector3.new(0.31036377, 39.6796722, -46.0726929), CFrame.new(0, 0, 0, -1, 0, 0, 0, -1, 0, 0, 0, 1)}, {Vector3.new(0.31036377, 39.6796722, 45.7974854), CFrame.new(0, 0, 0, -1, 0, 0, 0, -1, 0, 0, 0, 1)}, {Vector3.new(0.31036377, 47.4729958, 45.7974854), CFrame.new(0, 0, 0, -1, 0, 0, 0, -1, 0, 0, 0, 1)}, {Vector3.new(46.2454529, 53.6879005, -0.13760376), CFrame.new(0, 0, 0, 0, 0, -1, 0, -1, -0, -1, 0, -0)}, {Vector3.new(0.31036377, 53.3763199, -46.0726929), CFrame.new(0, 0, 0, -1, 0, 0, 0, -1, 0, 0, 0, 1)}, {Vector3.new(-45.6247253, 53.7670975, -0.13760376), CFrame.new(0, 0, 0, 0, 0, -1, 0, -1, -0, -1, 0, -0)}}
  , 
  {["Item"] = "Walls", ["Amount"] = 46, ["Whole"] = false, {Vector3.new(-0.297729492, 0, 3.34967041), CFrame.new(0, 0, 0, 0.00282799988, 0.999993265, -0.00238117902, 0.767908871, -0.00369693222, -0.640548527, -0.640552938, -1.70573312e-05, -0.767914057)}, {Vector3.new(-0.277435303, 5.45987082, 9.89517212), CFrame.new(0, 0, 0, 0.00282799988, 0.999993265, -0.00238117902, 0.767908871, -0.00369693222, -0.640548527, -0.640552938, -1.70573312e-05, -0.767914057)}, {Vector3.new(-0.256347656, 11.130085, 16.6928406), CFrame.new(0, 0, 0, 0.00282799988, 0.999993265, -0.00238117902, 0.767908871, -0.00369693222, -0.640548527, -0.640552938, -1.70573312e-05, -0.767914057)}, {Vector3.new(-0.256347656, 27.7935867, 36.7471313), CFrame.new(0, 0, 0, 0.00282799988, 0.999993265, -0.00238117902, 0.767908871, -0.00369693222, -0.640548527, -0.640552938, -1.70573312e-05, -0.767914057)}, {Vector3.new(-0.297729492, 16.6635017, 23.4039612), CFrame.new(0, 0, 0, 0.00282799988, 0.999993265, -0.00238117902, 0.767908871, -0.00369693222, -0.640548527, -0.640552938, -1.70573312e-05, -0.767914057)}, {Vector3.new(-0.277435303, 22.1233711, 29.9494629), CFrame.new(0, 0, 0, 0.00282799988, 0.999993265, -0.00238117902, 0.767908871, -0.00369693222, -0.640548527, -0.640552938, -1.70573312e-05, -0.767914057)}, {Vector3.new(-0.256347656, 33.5109787, -43.8459778), CFrame.new(0, 0, 0, -0.00282799988, -0.999993265, 0.00238117902, 0.767908871, -0.00369693222, -0.640548527, 0.640552938, 1.70573312e-05, 0.767914057)}, {Vector3.new(-0.19418335, 22.1233711, -30.3125305), CFrame.new(0, 0, 0, -0.00282799988, -0.999993265, 0.00238117902, 0.767908871, -0.00369693222, -0.640548527, 0.640552938, 1.70573312e-05, 0.767914057)}, {Vector3.new(-0.215270996, 27.7935867, -37.1102295), CFrame.new(0, 0, 0, -0.00282799988, -0.999993265, 0.00238117902, 0.767908871, -0.00369693222, -0.640548527, 0.640552938, 1.70573312e-05, 0.767914057)}, {Vector3.new(-0.17388916, 3.81469727e-06, -3.71276855), CFrame.new(0, 0, 0, -0.00282799988, -0.999993265, 0.00238117902, 0.767908871, -0.00369693222, -0.640548527, 0.640552938, 1.70573312e-05, 0.767914057)}, {Vector3.new(-0.215270996, 33.5109787, 43.4828491), CFrame.new(0, 0, 0, 0.00282799988, 0.999993265, -0.00238117902, 0.767908871, -0.00369693222, -0.640548527, -0.640552938, -1.70573312e-05, -0.767914057)}, {Vector3.new(-0.17388916, 16.6635017, -23.7670593), CFrame.new(0, 0, 0, -0.00282799988, -0.999993265, 0.00238117902, 0.767908871, -0.00369693222, -0.640548527, 0.640552938, 1.70573312e-05, 0.767914057)}, {Vector3.new(-0.19418335, 5.45987368, -10.2582703), CFrame.new(0, 0, 0, -0.00282799988, -0.999993265, 0.00238117902, 0.767908871, -0.00369693222, -0.640548527, 0.640552938, 1.70573312e-05, 0.767914057)}, {Vector3.new(-0.215270996, 11.1300907, -17.0559387), CFrame.new(0, 0, 0, -0.00282799988, -0.999993265, 0.00238117902, 0.767908871, -0.00369693222, -0.640548527, 0.640552938, 1.70573312e-05, 0.767914057)}, {Vector3.new(43.8014526, 33.5109787, -0.191894531), CFrame.new(0, 0, 0, -0.640552938, -1.7057273e-05, -0.767914057, 0.767908871, -0.00369693222, -0.640548527, -0.00282799988, -0.999993265, 0.00238117902)}, {Vector3.new(3.66827393, 3.81469727e-06, -0.109436035), CFrame.new(0, 0, 0, -0.640552938, -1.7057273e-05, -0.767914057, 0.767908871, -0.00369693222, -0.640548527, -0.00282799988, -0.999993265, 0.00238117902)}, {Vector3.new(37.0657349, 27.7935867, -0.150817871), CFrame.new(0, 0, 0, -0.640552938, -1.7057273e-05, -0.767914057, 0.767908871, -0.00369693222, -0.640548527, -0.00282799988, -0.999993265, 0.00238117902)}, {Vector3.new(30.2680664, 22.1233711, -0.129760742), CFrame.new(0, 0, 0, -0.640552938, -1.7057273e-05, -0.767914057, 0.767908871, -0.00369693222, -0.640548527, -0.00282799988, -0.999993265, 0.00238117902)}, {Vector3.new(23.7225952, 16.6635036, -0.109436035), CFrame.new(0, 0, 0, -0.640552938, -1.7057273e-05, -0.767914057, 0.767908871, -0.00369693222, -0.640548527, -0.00282799988, -0.999993265, 0.00238117902)}, {Vector3.new(10.2137756, 5.45987177, -0.129760742), CFrame.new(0, 0, 0, -0.640552938, -1.7057273e-05, -0.767914057, 0.767908871, -0.00369693222, -0.640548527, -0.00282799988, -0.999993265, 0.00238117902)}, {Vector3.new(17.0114746, 11.1300869, -0.150817871), CFrame.new(0, 0, 0, -0.640552938, -1.7057273e-05, -0.767914057, 0.767908871, -0.00369693222, -0.640548527, -0.00282799988, -0.999993265, 0.00238117902)}, {Vector3.new(-16.7373352, 11.1300907, -0.191864014), CFrame.new(0, 0, 0, 0.640552938, 1.7057273e-05, 0.767914057, 0.767908871, -0.00369693222, -0.640548527, 0.00282799988, 0.999993265, -0.00238117902)}, {Vector3.new(-23.4484558, 16.6635036, -0.23324585), CFrame.new(0, 0, 0, 0.640552938, 1.7057273e-05, 0.767914057, 0.767908871, -0.00369693222, -0.640548527, 0.00282799988, 0.999993265, -0.00238117902)}, {Vector3.new(-43.5273743, 33.5109787, -0.150787354), CFrame.new(0, 0, 0, 0.640552938, 1.7057273e-05, 0.767914057, 0.767908871, -0.00369693222, -0.640548527, 0.00282799988, 0.999993265, -0.00238117902)}, {Vector3.new(-3.39416504, 7.86781311e-06, -0.23324585), CFrame.new(0, 0, 0, 0.640552938, 1.7057273e-05, 0.767914057, 0.767908871, -0.00369693222, -0.640548527, 0.00282799988, 0.999993265, -0.00238117902)}, {Vector3.new(-36.791626, 27.7935867, -0.191864014), CFrame.new(0, 0, 0, 0.640552938, 1.7057273e-05, 0.767914057, 0.767908871, -0.00369693222, -0.640548527, 0.00282799988, 0.999993265, -0.00238117902)}, {Vector3.new(-29.9938965, 22.1233711, -0.212982178), CFrame.new(0, 0, 0, 0.640552938, 1.7057273e-05, 0.767914057, 0.767908871, -0.00369693222, -0.640548527, 0.00282799988, 0.999993265, -0.00238117902)}, {Vector3.new(-9.93963623, 5.45987558, -0.212982178), CFrame.new(0, 0, 0, 0.640552938, 1.7057273e-05, 0.767914057, 0.767908871, -0.00369693222, -0.640548527, 0.00282799988, 0.999993265, -0.00238117902)}, {Vector3.new(0.0968017578, 34.8479462, 31.1511841), CFrame.new(0, 0, 0, 2.78121887e-10, 1.00000012, -5.66942617e-08, 1, -6.98492597e-10, -1.19210242e-07, -8.94070808e-08, -5.63450158e-08, -1)}, {Vector3.new(0.0968017578, 34.8479462, 22.3942566), CFrame.new(0, 0, 0, 2.78121887e-10, 1.00000012, -5.66942617e-08, 1, -6.98492597e-10, -1.19210242e-07, -8.94070808e-08, -5.63450158e-08, -1)}, {Vector3.new(5.927948, 34.8479462, 22.3942566), CFrame.new(0, 0, 0, 2.78121887e-10, 1.00000012, -5.66942617e-08, 1, -6.98492597e-10, -1.19210242e-07, -8.94070808e-08, -5.63450158e-08, -1)}, {Vector3.new(5.927948, 34.8479462, 31.1511841), CFrame.new(0, 0, 0, 2.78121887e-10, 1.00000012, -5.66942617e-08, 1, -6.98492597e-10, -1.19210242e-07, -8.94070808e-08, -5.63450158e-08, -1)}, {Vector3.new(-5.59033203, 34.8479462, 22.3942566), CFrame.new(0, 0, 0, 2.78121887e-10, 1.00000012, -5.66942617e-08, 1, -6.98492597e-10, -1.19210242e-07, -8.94070808e-08, -5.63450158e-08, -1)}, {Vector3.new(-11.4214783, 34.8479462, 31.1511841), CFrame.new(0, 0, 0, 2.78121887e-10, 1.00000012, -5.66942617e-08, 1, -6.98492597e-10, -1.19210242e-07, -8.94070808e-08, -5.63450158e-08, -1)}, {Vector3.new(-5.59033203, 34.8479462, 31.1511841), CFrame.new(0, 0, 0, 2.78121887e-10, 1.00000012, -5.66942617e-08, 1, -6.98492597e-10, -1.19210242e-07, -8.94070808e-08, -5.63450158e-08, -1)}, {Vector3.new(-11.4214783, 34.8479462, 22.3942566), CFrame.new(0, 0, 0, 2.78121887e-10, 1.00000012, -5.66942617e-08, 1, -6.98492597e-10, -1.19210242e-07, -8.94070808e-08, -5.63450158e-08, -1)}, {Vector3.new(17.6878662, 34.8479462, 22.3942566), CFrame.new(0, 0, 0, 2.78121887e-10, 1.00000012, -5.66942617e-08, 1, -6.98492597e-10, -1.19210242e-07, -8.94070808e-08, -5.63450158e-08, -1)}, {Vector3.new(11.85672, 34.8479462, 31.1511841), CFrame.new(0, 0, 0, 2.78121887e-10, 1.00000012, -5.66942617e-08, 1, -6.98492597e-10, -1.19210242e-07, -8.94070808e-08, -5.63450158e-08, -1)}, {Vector3.new(17.6878662, 34.8479462, 31.1511841), CFrame.new(0, 0, 0, 2.78121887e-10, 1.00000012, -5.66942617e-08, 1, -6.98492597e-10, -1.19210242e-07, -8.94070808e-08, -5.63450158e-08, -1)}, {Vector3.new(11.85672, 34.8479462, 22.3942566), CFrame.new(0, 0, 0, 2.78121887e-10, 1.00000012, -5.66942617e-08, 1, -6.98492597e-10, -1.19210242e-07, -8.94070808e-08, -5.63450158e-08, -1)}, {Vector3.new(-17.2702026, 34.8479462, 31.1511841), CFrame.new(0, 0, 0, 2.78121887e-10, 1.00000012, -5.66942617e-08, 1, -6.98492597e-10, -1.19210242e-07, -8.94070808e-08, -5.63450158e-08, -1)}, {Vector3.new(-17.2702026, 34.8479462, 22.3942566), CFrame.new(0, 0, 0, 2.78121887e-10, 1.00000012, -5.66942617e-08, 1, -6.98492597e-10, -1.19210242e-07, -8.94070808e-08, -5.63450158e-08, -1)}, {Vector3.new(23.4263, 34.8479462, 31.1511841), CFrame.new(0, 0, 0, 2.78121887e-10, 1.00000012, -5.66942617e-08, 1, -6.98492597e-10, -1.19210242e-07, -8.94070808e-08, -5.63450158e-08, -1)}, {Vector3.new(23.4263, 34.8479462, 22.3942566), CFrame.new(0, 0, 0, 2.78121887e-10, 1.00000012, -5.66942617e-08, 1, -6.98492597e-10, -1.19210242e-07, -8.94070808e-08, -5.63450158e-08, -1)}, {Vector3.new(29.2574463, 34.8479462, 22.3942566), CFrame.new(0, 0, 0, 2.78121887e-10, 1.00000012, -5.66942617e-08, 1, -6.98492597e-10, -1.19210242e-07, -8.94070808e-08, -5.63450158e-08, -1)}, {Vector3.new(29.2574463, 34.8479462, 31.1511841), CFrame.new(0, 0, 0, 2.78121887e-10, 1.00000012, -5.66942617e-08, 1, -6.98492597e-10, -1.19210242e-07, -8.94070808e-08, -5.63450158e-08, -1)}, {Vector3.new(-29.0263977, 34.8479462, 22.3942566), CFrame.new(0, 0, 0, 2.78121887e-10, 1.00000012, -5.66942617e-08, 1, -6.98492597e-10, -1.19210242e-07, -8.94070808e-08, -5.63450158e-08, -1)}, {Vector3.new(-23.1776733, 34.8479462, 31.1511841), CFrame.new(0, 0, 0, 2.78121887e-10, 1.00000012, -5.66942617e-08, 1, -6.98492597e-10, -1.19210242e-07, -8.94070808e-08, -5.63450158e-08, -1)}, {Vector3.new(-29.0263977, 34.8479462, 31.1511841), CFrame.new(0, 0, 0, 2.78121887e-10, 1.00000012, -5.66942617e-08, 1, -6.98492597e-10, -1.19210242e-07, -8.94070808e-08, -5.63450158e-08, -1)}, {Vector3.new(-23.1776733, 34.8479462, 22.3942566), CFrame.new(0, 0, 0, 2.78121887e-10, 1.00000012, -5.66942617e-08, 1, -6.98492597e-10, -1.19210242e-07, -8.94070808e-08, -5.63450158e-08, -1)}, {Vector3.new(-29.0263977, 34.8479462, 4.91433716), CFrame.new(0, 0, 0, 2.78121887e-10, 1.00000012, -5.66942617e-08, 1, -6.98492597e-10, -1.19210242e-07, -8.94070808e-08, -5.63450158e-08, -1)}, {Vector3.new(-23.1776733, 34.8479462, 13.6712646), CFrame.new(0, 0, 0, 2.78121887e-10, 1.00000012, -5.66942617e-08, 1, -6.98492597e-10, -1.19210242e-07, -8.94070808e-08, -5.63450158e-08, -1)}, {Vector3.new(-29.0263977, 34.8479462, 13.6712646), CFrame.new(0, 0, 0, 2.78121887e-10, 1.00000012, -5.66942617e-08, 1, -6.98492597e-10, -1.19210242e-07, -8.94070808e-08, -5.63450158e-08, -1)}, {Vector3.new(-23.1776733, 34.8479462, 4.91433716), CFrame.new(0, 0, 0, 2.78121887e-10, 1.00000012, -5.66942617e-08, 1, -6.98492597e-10, -1.19210242e-07, -8.94070808e-08, -5.63450158e-08, -1)}, {Vector3.new(-17.2702026, 34.8479462, 13.6712646), CFrame.new(0, 0, 0, 2.78121887e-10, 1.00000012, -5.66942617e-08, 1, -6.98492597e-10, -1.19210242e-07, -8.94070808e-08, -5.63450158e-08, -1)}, {Vector3.new(-17.2702026, 34.8479462, 4.91433716), CFrame.new(0, 0, 0, 2.78121887e-10, 1.00000012, -5.66942617e-08, 1, -6.98492597e-10, -1.19210242e-07, -8.94070808e-08, -5.63450158e-08, -1)}, {Vector3.new(-11.4214783, 34.8479462, 4.91433716), CFrame.new(0, 0, 0, 2.78121887e-10, 1.00000012, -5.66942617e-08, 1, -6.98492597e-10, -1.19210242e-07, -8.94070808e-08, -5.63450158e-08, -1)}, {Vector3.new(-11.4214783, 34.8479462, 13.6712646), CFrame.new(0, 0, 0, 2.78121887e-10, 1.00000012, -5.66942617e-08, 1, -6.98492597e-10, -1.19210242e-07, -8.94070808e-08, -5.63450158e-08, -1)}, {Vector3.new(-5.59033203, 34.8479462, 13.6712646), CFrame.new(0, 0, 0, 2.78121887e-10, 1.00000012, -5.66942617e-08, 1, -6.98492597e-10, -1.19210242e-07, -8.94070808e-08, -5.63450158e-08, -1)}, {Vector3.new(-5.59033203, 34.8479462, 4.91433716), CFrame.new(0, 0, 0, 2.78121887e-10, 1.00000012, -5.66942617e-08, 1, -6.98492597e-10, -1.19210242e-07, -8.94070808e-08, -5.63450158e-08, -1)}, {Vector3.new(0.0968017578, 34.8479462, 8.21658325), CFrame.new(0, 0, 0, 2.78121887e-10, 1.00000012, -5.66942617e-08, 1, -6.98492597e-10, -1.19210242e-07, -8.94070808e-08, -5.63450158e-08, -1)}, {Vector3.new(0.0968017578, 34.8479462, 13.6712646), CFrame.new(0, 0, 0, 2.78121887e-10, 1.00000012, -5.66942617e-08, 1, -6.98492597e-10, -1.19210242e-07, -8.94070808e-08, -5.63450158e-08, -1)}, {Vector3.new(5.927948, 34.8479462, 13.6712646), CFrame.new(0, 0, 0, 2.78121887e-10, 1.00000012, -5.66942617e-08, 1, -6.98492597e-10, -1.19210242e-07, -8.94070808e-08, -5.63450158e-08, -1)}, {Vector3.new(5.927948, 34.8479462, 4.91433716), CFrame.new(0, 0, 0, 2.78121887e-10, 1.00000012, -5.66942617e-08, 1, -6.98492597e-10, -1.19210242e-07, -8.94070808e-08, -5.63450158e-08, -1)}, {Vector3.new(11.85672, 34.8479462, 4.91433716), CFrame.new(0, 0, 0, 2.78121887e-10, 1.00000012, -5.66942617e-08, 1, -6.98492597e-10, -1.19210242e-07, -8.94070808e-08, -5.63450158e-08, -1)}, {Vector3.new(11.85672, 34.8479462, 13.6712646), CFrame.new(0, 0, 0, 2.78121887e-10, 1.00000012, -5.66942617e-08, 1, -6.98492597e-10, -1.19210242e-07, -8.94070808e-08, -5.63450158e-08, -1)}, {Vector3.new(17.6878662, 34.8479462, 13.6712646), CFrame.new(0, 0, 0, 2.78121887e-10, 1.00000012, -5.66942617e-08, 1, -6.98492597e-10, -1.19210242e-07, -8.94070808e-08, -5.63450158e-08, -1)}, {Vector3.new(17.6878662, 34.8479462, 4.91433716), CFrame.new(0, 0, 0, 2.78121887e-10, 1.00000012, -5.66942617e-08, 1, -6.98492597e-10, -1.19210242e-07, -8.94070808e-08, -5.63450158e-08, -1)}, {Vector3.new(23.4263, 34.8479462, 4.91433716), CFrame.new(0, 0, 0, 2.78121887e-10, 1.00000012, -5.66942617e-08, 1, -6.98492597e-10, -1.19210242e-07, -8.94070808e-08, -5.63450158e-08, -1)}, {Vector3.new(23.4263, 34.8479462, 13.6712646), CFrame.new(0, 0, 0, 2.78121887e-10, 1.00000012, -5.66942617e-08, 1, -6.98492597e-10, -1.19210242e-07, -8.94070808e-08, -5.63450158e-08, -1)}, {Vector3.new(29.2574463, 34.8479462, 13.6712646), CFrame.new(0, 0, 0, 2.78121887e-10, 1.00000012, -5.66942617e-08, 1, -6.98492597e-10, -1.19210242e-07, -8.94070808e-08, -5.63450158e-08, -1)}, {Vector3.new(29.2574463, 34.8479462, 4.91433716), CFrame.new(0, 0, 0, 2.78121887e-10, 1.00000012, -5.66942617e-08, 1, -6.98492597e-10, -1.19210242e-07, -8.94070808e-08, -5.63450158e-08, -1)}, {Vector3.new(-29.0263977, 34.8479462, -12.7249756), CFrame.new(0, 0, 0, 2.78121887e-10, 1.00000012, -5.66942617e-08, 1, -6.98492597e-10, -1.19210242e-07, -8.94070808e-08, -5.63450158e-08, -1)}, {Vector3.new(-23.1776733, 34.8479462, -3.9680481), CFrame.new(0, 0, 0, 2.78121887e-10, 1.00000012, -5.66942617e-08, 1, -6.98492597e-10, -1.19210242e-07, -8.94070808e-08, -5.63450158e-08, -1)}, {Vector3.new(-29.0263977, 34.8479462, -3.9680481), CFrame.new(0, 0, 0, 2.78121887e-10, 1.00000012, -5.66942617e-08, 1, -6.98492597e-10, -1.19210242e-07, -8.94070808e-08, -5.63450158e-08, -1)}, {Vector3.new(-23.1776733, 34.8479462, -12.7249756), CFrame.new(0, 0, 0, 2.78121887e-10, 1.00000012, -5.66942617e-08, 1, -6.98492597e-10, -1.19210242e-07, -8.94070808e-08, -5.63450158e-08, -1)}, {Vector3.new(-17.2702026, 34.8479462, -3.9680481), CFrame.new(0, 0, 0, 2.78121887e-10, 1.00000012, -5.66942617e-08, 1, -6.98492597e-10, -1.19210242e-07, -8.94070808e-08, -5.63450158e-08, -1)}, {Vector3.new(-17.2702026, 34.8479462, -12.7249756), CFrame.new(0, 0, 0, 2.78121887e-10, 1.00000012, -5.66942617e-08, 1, -6.98492597e-10, -1.19210242e-07, -8.94070808e-08, -5.63450158e-08, -1)}, {Vector3.new(-11.4214783, 34.8479462, -12.7249756), CFrame.new(0, 0, 0, 2.78121887e-10, 1.00000012, -5.66942617e-08, 1, -6.98492597e-10, -1.19210242e-07, -8.94070808e-08, -5.63450158e-08, -1)}, {Vector3.new(-11.4214783, 34.8479462, -3.9680481), CFrame.new(0, 0, 0, 2.78121887e-10, 1.00000012, -5.66942617e-08, 1, -6.98492597e-10, -1.19210242e-07, -8.94070808e-08, -5.63450158e-08, -1)}, {Vector3.new(-5.59033203, 34.8479462, -3.9680481), CFrame.new(0, 0, 0, 2.78121887e-10, 1.00000012, -5.66942617e-08, 1, -6.98492597e-10, -1.19210242e-07, -8.94070808e-08, -5.63450158e-08, -1)}, {Vector3.new(-5.59033203, 34.8479462, -12.7249756), CFrame.new(0, 0, 0, 2.78121887e-10, 1.00000012, -5.66942617e-08, 1, -6.98492597e-10, -1.19210242e-07, -8.94070808e-08, -5.63450158e-08, -1)}, {Vector3.new(0.0968017578, 34.8479462, -12.7249756), CFrame.new(0, 0, 0, 2.78121887e-10, 1.00000012, -5.66942617e-08, 1, -6.98492597e-10, -1.19210242e-07, -8.94070808e-08, -5.63450158e-08, -1)}, {Vector3.new(0.0968017578, 34.8479462, -10.1019897), CFrame.new(0, 0, 0, 2.78121887e-10, 1.00000012, -5.66942617e-08, 1, -6.98492597e-10, -1.19210242e-07, -8.94070808e-08, -5.63450158e-08, -1)}, {Vector3.new(5.927948, 34.8479462, -3.9680481), CFrame.new(0, 0, 0, 2.78121887e-10, 1.00000012, -5.66942617e-08, 1, -6.98492597e-10, -1.19210242e-07, -8.94070808e-08, -5.63450158e-08, -1)}, {Vector3.new(5.927948, 34.8479462, -12.7249756), CFrame.new(0, 0, 0, 2.78121887e-10, 1.00000012, -5.66942617e-08, 1, -6.98492597e-10, -1.19210242e-07, -8.94070808e-08, -5.63450158e-08, -1)}, {Vector3.new(11.85672, 34.8479462, -12.7249756), CFrame.new(0, 0, 0, 2.78121887e-10, 1.00000012, -5.66942617e-08, 1, -6.98492597e-10, -1.19210242e-07, -8.94070808e-08, -5.63450158e-08, -1)}, {Vector3.new(11.85672, 34.8479462, -3.9680481), CFrame.new(0, 0, 0, 2.78121887e-10, 1.00000012, -5.66942617e-08, 1, -6.98492597e-10, -1.19210242e-07, -8.94070808e-08, -5.63450158e-08, -1)}, {Vector3.new(17.6878662, 34.8479462, -3.9680481), CFrame.new(0, 0, 0, 2.78121887e-10, 1.00000012, -5.66942617e-08, 1, -6.98492597e-10, -1.19210242e-07, -8.94070808e-08, -5.63450158e-08, -1)}, {Vector3.new(17.6878662, 34.8479462, -12.7249756), CFrame.new(0, 0, 0, 2.78121887e-10, 1.00000012, -5.66942617e-08, 1, -6.98492597e-10, -1.19210242e-07, -8.94070808e-08, -5.63450158e-08, -1)}, {Vector3.new(23.4263, 34.8479462, -12.7249756), CFrame.new(0, 0, 0, 2.78121887e-10, 1.00000012, -5.66942617e-08, 1, -6.98492597e-10, -1.19210242e-07, -8.94070808e-08, -5.63450158e-08, -1)}, {Vector3.new(23.4263, 34.8479462, -3.9680481), CFrame.new(0, 0, 0, 2.78121887e-10, 1.00000012, -5.66942617e-08, 1, -6.98492597e-10, -1.19210242e-07, -8.94070808e-08, -5.63450158e-08, -1)}, {Vector3.new(29.2574463, 34.8479462, -3.9680481), CFrame.new(0, 0, 0, 2.78121887e-10, 1.00000012, -5.66942617e-08, 1, -6.98492597e-10, -1.19210242e-07, -8.94070808e-08, -5.63450158e-08, -1)}, {Vector3.new(29.2574463, 34.8479462, -12.7249756), CFrame.new(0, 0, 0, 2.78121887e-10, 1.00000012, -5.66942617e-08, 1, -6.98492597e-10, -1.19210242e-07, -8.94070808e-08, -5.63450158e-08, -1)}, {Vector3.new(-29.0263977, 34.8479462, -29.3518982), CFrame.new(0, 0, 0, 2.78121887e-10, 1.00000012, -5.66942617e-08, 1, -6.98492597e-10, -1.19210242e-07, -8.94070808e-08, -5.63450158e-08, -1)}, {Vector3.new(-23.1776733, 34.8479462, -20.5949707), CFrame.new(0, 0, 0, 2.78121887e-10, 1.00000012, -5.66942617e-08, 1, -6.98492597e-10, -1.19210242e-07, -8.94070808e-08, -5.63450158e-08, -1)}, {Vector3.new(-29.0263977, 34.8479462, -20.5949707), CFrame.new(0, 0, 0, 2.78121887e-10, 1.00000012, -5.66942617e-08, 1, -6.98492597e-10, -1.19210242e-07, -8.94070808e-08, -5.63450158e-08, -1)}, {Vector3.new(-23.1776733, 34.8479462, -29.3518982), CFrame.new(0, 0, 0, 2.78121887e-10, 1.00000012, -5.66942617e-08, 1, -6.98492597e-10, -1.19210242e-07, -8.94070808e-08, -5.63450158e-08, -1)}, {Vector3.new(-17.2702026, 34.8479462, -20.5949707), CFrame.new(0, 0, 0, 2.78121887e-10, 1.00000012, -5.66942617e-08, 1, -6.98492597e-10, -1.19210242e-07, -8.94070808e-08, -5.63450158e-08, -1)}, {Vector3.new(-17.2702026, 34.8479462, -29.3518982), CFrame.new(0, 0, 0, 2.78121887e-10, 1.00000012, -5.66942617e-08, 1, -6.98492597e-10, -1.19210242e-07, -8.94070808e-08, -5.63450158e-08, -1)}, {Vector3.new(-11.4214783, 34.8479462, -29.3518982), CFrame.new(0, 0, 0, 2.78121887e-10, 1.00000012, -5.66942617e-08, 1, -6.98492597e-10, -1.19210242e-07, -8.94070808e-08, -5.63450158e-08, -1)}, {Vector3.new(-11.4214783, 34.8479462, -20.5949707), CFrame.new(0, 0, 0, 2.78121887e-10, 1.00000012, -5.66942617e-08, 1, -6.98492597e-10, -1.19210242e-07, -8.94070808e-08, -5.63450158e-08, -1)}, {Vector3.new(-5.59033203, 34.8479462, -20.5949707), CFrame.new(0, 0, 0, 2.78121887e-10, 1.00000012, -5.66942617e-08, 1, -6.98492597e-10, -1.19210242e-07, -8.94070808e-08, -5.63450158e-08, -1)}, {Vector3.new(-5.59033203, 34.8479462, -29.3518982), CFrame.new(0, 0, 0, 2.78121887e-10, 1.00000012, -5.66942617e-08, 1, -6.98492597e-10, -1.19210242e-07, -8.94070808e-08, -5.63450158e-08, -1)}, {Vector3.new(0.0968017578, 34.8479462, -29.3518982), CFrame.new(0, 0, 0, 2.78121887e-10, 1.00000012, -5.66942617e-08, 1, -6.98492597e-10, -1.19210242e-07, -8.94070808e-08, -5.63450158e-08, -1)}, {Vector3.new(0.0968017578, 34.8479462, -20.5949707), CFrame.new(0, 0, 0, 2.78121887e-10, 1.00000012, -5.66942617e-08, 1, -6.98492597e-10, -1.19210242e-07, -8.94070808e-08, -5.63450158e-08, -1)}, {Vector3.new(5.927948, 34.8479462, -20.5949707), CFrame.new(0, 0, 0, 2.78121887e-10, 1.00000012, -5.66942617e-08, 1, -6.98492597e-10, -1.19210242e-07, -8.94070808e-08, -5.63450158e-08, -1)}, {Vector3.new(5.927948, 34.8479462, -29.3518982), CFrame.new(0, 0, 0, 2.78121887e-10, 1.00000012, -5.66942617e-08, 1, -6.98492597e-10, -1.19210242e-07, -8.94070808e-08, -5.63450158e-08, -1)}, {Vector3.new(11.85672, 34.8479462, -29.3518982), CFrame.new(0, 0, 0, 2.78121887e-10, 1.00000012, -5.66942617e-08, 1, -6.98492597e-10, -1.19210242e-07, -8.94070808e-08, -5.63450158e-08, -1)}, {Vector3.new(11.85672, 34.8479462, -20.5949707), CFrame.new(0, 0, 0, 2.78121887e-10, 1.00000012, -5.66942617e-08, 1, -6.98492597e-10, -1.19210242e-07, -8.94070808e-08, -5.63450158e-08, -1)}, {Vector3.new(17.6878662, 34.8479462, -20.5949707), CFrame.new(0, 0, 0, 2.78121887e-10, 1.00000012, -5.66942617e-08, 1, -6.98492597e-10, -1.19210242e-07, -8.94070808e-08, -5.63450158e-08, -1)}, {Vector3.new(17.6878662, 34.8479462, -29.3518982), CFrame.new(0, 0, 0, 2.78121887e-10, 1.00000012, -5.66942617e-08, 1, -6.98492597e-10, -1.19210242e-07, -8.94070808e-08, -5.63450158e-08, -1)}, {Vector3.new(23.4263, 34.8479462, -29.3518982), CFrame.new(0, 0, 0, 2.78121887e-10, 1.00000012, -5.66942617e-08, 1, -6.98492597e-10, -1.19210242e-07, -8.94070808e-08, -5.63450158e-08, -1)}, {Vector3.new(23.4263, 34.8479462, -20.5949707), CFrame.new(0, 0, 0, 2.78121887e-10, 1.00000012, -5.66942617e-08, 1, -6.98492597e-10, -1.19210242e-07, -