local OctaBase = {
  {["Item"] = "LargeCrateOpen", ["Amount"] = 2, ["Whole"] = true, {Vector3.new(-27.6611233, 2.90006113, -8.72198486), CFrame.new(0, 0, 0, 0, 0, 1.00000143, 0, 1, 0, -1.00000143, 0, 0)}, {Vector3.new(-27.6611233, 2.90006113, 8.27804565), CFrame.new(0, 0, 0, 0, 0, 1.00000143, 0, 1, 0, -1.00000143, 0, 0)}}
  , 
  {["Item"] = "Planks", ["Amount"] = 5, ["Whole"] = false, {Vector3.new(-30.7275333, 3.19999933, 0.12802124), CFrame.new(0, 0, 0, 0, -1.00000143, 0, 0, 0, 1, -1.00000143, 0, 0)}, {Vector3.new(4.61266136, 14.0000019, -24.0454102), CFrame.new(0, 0, 0, -1.00000143, 0, 0, 0, 0, -1, 0, -1.00000143, -0)}, {Vector3.new(-6.22749901, 11.9999981, -2.17196655), CFrame.new(0, 0, 0, 0, -1.00000143, 0, 0, 0, -1, 1.00000143, 0, 0)}, {Vector3.new(-3.38734627, 16.0000019, -24.0454102), CFrame.new(0, 0, 0, -1.00000143, 0, 0, 0, 0, -1, 0, -1.00000143, -0)}, {Vector3.new(5.30095673, 2.00000238, -1.87197876), CFrame.new(0, 0, 0, 0.707107782, 0, 0.707107782, 0.707106829, 0, -0.707106829, 0, 1.00000143, 0)}, {Vector3.new(3.88674164, 3.41422129, 2.12802124), CFrame.new(0, 0, 0, 0.707107782, 0, 0.707107782, 0.707106829, 0, -0.707106829, 0, 1.00000143, 0)}, {Vector3.new(-1.22749329, 11.9999981, -7.17199707), CFrame.new(0, 0, 0, 1.00000143, 0, 0, 0, 0, -1, 0, 1.00000143, 0)}, {Vector3.new(5.30094147, 2, 2.12802124), CFrame.new(0, 0, 0, 0.707107782, 0, 0.707107782, 0.707106829, 0, -0.707106829, 0, 1.00000143, 0)}, {Vector3.new(-3.38734627, 11.9999981, -24.0454102), CFrame.new(0, 0, 0, -1.00000143, 0, 0, 0, 0, -1, 0, -1.00000143, -0)}, {Vector3.new(-3.38734627, 14.0000019, -24.0454102), CFrame.new(0, 0, 0, -1.00000143, 0, 0, 0, 0, -1, 0, -1.00000143, -0)}, {Vector3.new(-3.2274971, 16.0000019, 19.828064), CFrame.new(0, 0, 0, 1.00000143, 0, 0, 0, 0, -1, 0, 1.00000143, 0)}, {Vector3.new(-3.2274971, 14.0000019, 19.828064), CFrame.new(0, 0, 0, 1.00000143, 0, 0, 0, 0, -1, 0, 1.00000143, 0)}, {Vector3.new(-23.744154, 16.0000019, -3.52877808), CFrame.new(0, 0, 0, 0, -1.00000143, 0, 0, 0, -1, 1.00000143, 0, 0)}, {Vector3.new(-23.744154, 14.0000019, -3.52877808), CFrame.new(0, 0, 0, 0, -1.00000143, 0, 0, 0, -1, 1.00000143, 0, 0)}, {Vector3.new(8.14954758, 3.41418839, -0.593078613), CFrame.new(0, 0, 0, 0.707107782, 0.707107782, 0, 0.707106829, -0.707106829, 0, 0, 0, -1.00000143)}, {Vector3.new(-23.744154, 11.9999981, -3.52877808), CFrame.new(0, 0, 0, 0, -1.00000143, 0, 0, 0, -1, 1.00000143, 0, 0)}, {Vector3.new(4.77251434, 14.0000019, 19.828064), CFrame.new(0, 0, 0, 1.00000143, 0, 0, 0, 0, -1, 0, 1.00000143, 0)}, {Vector3.new(-3.2274971, 11.9999981, 19.828064), CFrame.new(0, 0, 0, 1.00000143, 0, 0, 0, 0, -1, 0, 1.00000143, 0)}, {Vector3.new(26.1293221, 14.0000019, 4.31140137), CFrame.new(0, 0, 0, 0, 1.00000143, 0, 0, 0, -1, -1.00000143, 0, 0)}, {Vector3.new(4.77251434, 11.9999981, 19.828064), CFrame.new(0, 0, 0, 1.00000143, 0, 0, 0, 0, -1, 0, 1.00000143, 0)}, {Vector3.new(26.1293297, 11.9999981, -3.68862915), CFrame.new(0, 0, 0, 0, 1.00000143, 0, 0, 0, -1, -1.00000143, 0, 0)}, {Vector3.new(26.1293297, 16.0000019, -3.68862915), CFrame.new(0, 0, 0, 0, 1.00000143, 0, 0, 0, -1, -1.00000143, 0, 0)}, {Vector3.new(-23.7441578, 11.9999981, 4.47125244), CFrame.new(0, 0, 0, 0, -1.00000143, 0, 0, 0, -1, 1.00000143, 0, 0)}, {Vector3.new(-23.7441578, 16.0000019, 4.47125244), CFrame.new(0, 0, 0, 0, -1.00000143, 0, 0, 0, -1, 1.00000143, 0, 0)}, {Vector3.new(-23.7441578, 14.0000019, 4.47125244), CFrame.new(0, 0, 0, 0, -1.00000143, 0, 0, 0, -1, 1.00000143, 0, 0)}, {Vector3.new(26.1293221, 16.0000019, 4.31140137), CFrame.new(0, 0, 0, 0, 1.00000143, 0, 0, 0, -1, -1.00000143, 0, 0)}, {Vector3.new(4.77251434, 16.0000019, 19.828064), CFrame.new(0, 0, 0, 1.00000143, 0, 0, 0, 0, -1, 0, 1.00000143, 0)}, {Vector3.new(26.1293221, 11.9999981, 4.31140137), CFrame.new(0, 0, 0, 0, 1.00000143, 0, 0, 0, -1, -1.00000143, 0, 0)}, {Vector3.new(26.1293297, 14.0000019, -3.68862915), CFrame.new(0, 0, 0, 0, 1.00000143, 0, 0, 0, -1, -1.00000143, 0, 0)}, {Vector3.new(8.14954758, 3.41418839, 1.40692139), CFrame.new(0, 0, 0, 0.707107782, 0.707107782, 0, 0.707106829, -0.707106829, 0, 0, 0, -1.00000143)}, {Vector3.new(-6.22749901, 11.9999981, 1.82803345), CFrame.new(0, 0, 0, 0, -1.00000143, 0, 0, 0, -1, 1.00000143, 0, 0)}, {Vector3.new(10.9779816, 6.24262571, 1.40692139), CFrame.new(0, 0, 0, 0.707107782, 0.707107782, 0, 0.707106829, -0.707106829, 0, 0, 0, -1.00000143)}, {Vector3.new(10.2507133, 6.94974852, -1.87197876), CFrame.new(0, 0, 0, 0.707107782, 0, 0.707107782, 0.707106829, 0, -0.707106829, 0, 1.00000143, 0)}, {Vector3.new(4.61266136, 16.0000019, -24.0454102), CFrame.new(0, 0, 0, -1.00000143, 0, 0, 0, 0, -1, 0, -1.00000143, -0)}, {Vector3.new(4.61266136, 11.9999981, -24.0454102), CFrame.new(0, 0, 0, -1.00000143, 0, 0, 0, 0, -1, 0, -1.00000143, -0)}, {Vector3.new(10.9779854, 6.24262571, -0.593078613), CFrame.new(0, 0, 0, 0.707107782, 0.707107782, 0, 0.707106829, -0.707106829, 0, 0, 0, -1.00000143)}, {Vector3.new(6.77251816, 11.9999981, 6.82803345), CFrame.new(0, 0, 0, 1.00000143, 0, 0, 0, 0, -1, 0, 1.00000143, 0)}, {Vector3.new(3.88673973, 3.41422129, -1.87200928), CFrame.new(0, 0, 0, 0.707107782, 0, 0.707107782, 0.707106829, 0, -0.707106829, 0, 1.00000143, 0)}, {Vector3.new(8.83649826, 8.36396027, -1.87197876), CFrame.new(0, 0, 0, 0.707107782, 0, 0.707107782, 0.707106829, 0, -0.707106829, 0, 1.00000143, 0)}, {Vector3.new(-1.22749329, 11.9999981, 6.82803345), CFrame.new(0, 0, 0, 1.00000143, 0, 0, 0, 0, -1, 0, 1.00000143, 0)}, {Vector3.new(6.77251816, 11.9999981, -7.17199707), CFrame.new(0, 0, 0, 1.00000143, 0, 0, 0, 0, -1, 0, 1.00000143, 0)}, {Vector3.new(10.2507172, 6.94974852, 2.12802124), CFrame.new(0, 0, 0, 0.707107782, 0, 0.707107782, 0.707106829, 0, -0.707106829, 0, 1.00000143, 0)}, {Vector3.new(8.83649826, 8.36395836, 2.12802124), CFrame.new(0, 0, 0, 0.707107782, 0, 0.707107782, 0.707106829, 0, -0.707106829, 0, 1.00000143, 0)}}
  , 
  {["Item"] = "Bricks", ["Amount"] = 6, ["Whole"] = false, {Vector3.new(2.27250862, 1, 0.12802124), CFrame.new(0, 0, 0, -1.00000143, 0, 0, 0, 1, 0, 0, 0, -1.00000143)}, {Vector3.new(3.27251244, 2, 0.12802124), CFrame.new(0, 0, 0, -1.00000143, 0, 0, 0, 1, 0, 0, 0, -1.00000143)}, {Vector3.new(4.27251625, 3, 0.12802124), CFrame.new(0, 0, 0, -1.00000143, 0, 0, 0, 1, 0, 0, 0, -1.00000143)}, {Vector3.new(5.27251625, 4.00000048, 0.12802124), CFrame.new(0, 0, 0, -1.00000143, 0, 0, 0, 1, 0, 0, 0, -1.00000143)}, {Vector3.new(6.27251625, 5.00000048, 0.12802124), CFrame.new(0, 0, 0, -1.00000143, 0, 0, 0, 1, 0, 0, 0, -1.00000143)}, {Vector3.new(25.6926193, 13.0000019, -8.10870361), CFrame.new(0, 0, 0, 0, 1.00000143, 0, 0, 0, 1, 1.00000143, 0, 0)}, {Vector3.new(-22.3074474, 13.0000019, -9.10870361), CFrame.new(0, 0, 0, -1.00000143, 0, 0, 0, 0, 1, 0, 1.00000143, 0)}, {Vector3.new(-9.80742836, 13.0000019, -21.6087036), CFrame.new(0, 0, 0, 1.00000143, 0, 0, 0, 0, 1, 0, -1.00000143, 0)}, {Vector3.new(23.6926117, 15.0000019, -10.1087036), CFrame.new(0, 0, 0, 0, 1.00000143, 0, 0, 0, 1, 1.00000143, 0, 0)}, {Vector3.new(9.19259262, 13.0000019, -23.6087036), CFrame.new(0, 0, 0, 0, -1.00000143, 0, 0, 0, 1, -1.00000143, 0, 0)}, {Vector3.new(11.1926003, 13.0000019, -21.6087036), CFrame.new(0, 0, 0, 0, -1.00000143, 0, 0, 0, 1, -1.00000143, 0, 0)}, {Vector3.new(11.1926003, 15.0000019, -21.6087036), CFrame.new(0, 0, 0, 0, -1.00000143, 0, 0, 0, 1, -1.00000143, 0, 0)}, {Vector3.new(9.19259262, 15.0000019, -23.6087036), CFrame.new(0, 0, 0, 0, -1.00000143, 0, 0, 0, 1, -1.00000143, 0, 0)}, {Vector3.new(10.1925926, 13.0000019, 18.3913574), CFrame.new(0, 0, 0, -1.00000143, 0, 0, 0, 0, 1, 0, 1.00000143, 0)}, {Vector3.new(-23.3074512, 15.0000019, -8.10870361), CFrame.new(0, 0, 0, -1.00000143, 0, 0, 0, 0, 1, 0, 1.00000143, 0)}, {Vector3.new(24.6926117, 13.0000019, 9.8913269), CFrame.new(0, 0, 0, 1.00000143, 0, 0, 0, 0, 1, 0, -1.00000143, 0)}, {Vector3.new(-23.3074512, 13.0000019, -8.10870361), CFrame.new(0, 0, 0, -1.00000143, 0, 0, 0, 0, 1, 0, 1.00000143, 0)}, {Vector3.new(-8.80742836, 13.0000019, -22.6087036), CFrame.new(0, 0, 0, 1.00000143, 0, 0, 0, 0, 1, 0, -1.00000143, 0)}, {Vector3.new(-9.80743217, 15.0000019, 17.3913574), CFrame.new(0, 0, 0, 0, 1.00000143, 0, 0, 0, 1, 1.00000143, 0, 0)}, {Vector3.new(24.6926117, 13.0000019, -9.10870361), CFrame.new(0, 0, 0, 0, 1.00000143, 0, 0, 0, 1, 1.00000143, 0, 0)}, {Vector3.new(-7.80743217, 15.0000019, -23.6087036), CFrame.new(0, 0, 0, 1.00000143, 0, 0, 0, 0, 1, 0, -1.00000143, 0)}, {Vector3.new(-7.80742836, 15.0000019, 19.3913574), CFrame.new(0, 0, 0, 0, 1.00000143, 0, 0, 0, 1, 1.00000143, 0, 0)}, {Vector3.new(25.6926193, 15.0000019, 8.8913269), CFrame.new(0, 0, 0, 1.00000143, 0, 0, 0, 0, 1, 0, -1.00000143, 0)}, {Vector3.new(10.1925926, 13.0000019, -22.6087036), CFrame.new(0, 0, 0, 0, -1.00000143, 0, 0, 0, 1, -1.00000143, 0, 0)}, {Vector3.new(-8.80743217, 13.0000019, 18.3913574), CFrame.new(0, 0, 0, 0, 1.00000143, 0, 0, 0, 1, 1.00000143, 0, 0)}, {Vector3.new(9.19259262, 15.0000019, 19.3913574), CFrame.new(0, 0, 0, -1.00000143, 0, 0, 0, 0, 1, 0, 1.00000143, 0)}, {Vector3.new(23.6926117, 13.0000019, 10.8913269), CFrame.new(0, 0, 0, 1.00000143, 0, 0, 0, 0, 1, 0, -1.00000143, 0)}, {Vector3.new(-21.3074474, 13.0000019, 10.8913269), CFrame.new(0, 0, 0, 0, -1.00000143, 0, 0, 0, 1, -1.00000143, 0, 0)}, {Vector3.new(23.6926117, 15.0000019, 10.8913269), CFrame.new(0, 0, 0, 1.00000143, 0, 0, 0, 0, 1, 0, -1.00000143, 0)}, {Vector3.new(10.1925926, 15.0000019, -22.6087036), CFrame.new(0, 0, 0, 0, -1.00000143, 0, 0, 0, 1, -1.00000143, 0, 0)}, {Vector3.new(10.1925926, 15.0000019, 18.3913574), CFrame.new(0, 0, 0, -1.00000143, 0, 0, 0, 0, 1, 0, 1.00000143, 0)}, {Vector3.new(-9.80743217, 13.0000019, 17.3913574), CFrame.new(0, 0, 0, 0, 1.00000143, 0, 0, 0, 1, 1.00000143, 0, 0)}, {Vector3.new(25.6926193, 13.0000019, 8.8913269), CFrame.new(0, 0, 0, 1.00000143, 0, 0, 0, 0, 1, 0, -1.00000143, 0)}, {Vector3.new(-7.80742836, 13.0000019, 19.3913574), CFrame.new(0, 0, 0, 0, 1.00000143, 0, 0, 0, 1, 1.00000143, 0, 0)}, {Vector3.new(24.6926117, 15.0000019, 9.8913269), CFrame.new(0, 0, 0, 1.00000143, 0, 0, 0, 0, 1, 0, -1.00000143, 0)}, {Vector3.new(11.1926003, 13.0000019, 17.3913269), CFrame.new(0, 0, 0, -1.00000143, 0, 0, 0, 0, 1, 0, 1.00000143, 0)}, {Vector3.new(-8.80743217, 15.0000019, 18.3913574), CFrame.new(0, 0, 0, 0, 1.00000143, 0, 0, 0, 1, 1.00000143, 0, 0)}, {Vector3.new(-22.3074474, 15.0000019, 9.8913269), CFrame.new(0, 0, 0, 0, -1.00000143, 0, 0, 0, 1, -1.00000143, 0, 0)}, {Vector3.new(-21.3074474, 15.0000019, 10.8913269), CFrame.new(0, 0, 0, 0, -1.00000143, 0, 0, 0, 1, -1.00000143, 0, 0)}, {Vector3.new(-23.3074474, 15.0000019, 8.8913269), CFrame.new(0, 0, 0, 0, -1.00000143, 0, 0, 0, 1, -1.00000143, 0, 0)}, {Vector3.new(-8.80742836, 15.0000019, -22.6087036), CFrame.new(0, 0, 0, 1.00000143, 0, 0, 0, 0, 1, 0, -1.00000143, 0)}, {Vector3.new(-7.80743217, 13.0000019, -23.6087036), CFrame.new(0, 0, 0, 1.00000143, 0, 0, 0, 0, 1, 0, -1.00000143, 0)}, {Vector3.new(-22.3074474, 13.0000019, 9.8913269), CFrame.new(0, 0, 0, 0, -1.00000143, 0, 0, 0, 1, -1.00000143, 0, 0)}, {Vector3.new(-23.3074474, 13.0000019, 8.8913269), CFrame.new(0, 0, 0, 0, -1.00000143, 0, 0, 0, 1, -1.00000143, 0, 0)}, {Vector3.new(11.1926003, 15.0000019, 17.3913269), CFrame.new(0, 0, 0, -1.00000143, 0, 0, 0, 0, 1, 0, 1.00000143, 0)}, {Vector3.new(-21.3074474, 15.0000019, -10.1087036), CFrame.new(0, 0, 0, -1.00000143, 0, 0, 0, 0, 1, 0, 1.00000143, 0)}, {Vector3.new(25.6926193, 15.0000019, -8.10870361), CFrame.new(0, 0, 0, 0, 1.00000143, 0, 0, 0, 1, 1.00000143, 0, 0)}, {Vector3.new(23.6926117, 13.0000019, -10.1087036), CFrame.new(0, 0, 0, 0, 1.00000143, 0, 0, 0, 1, 1.00000143, 0, 0)}, {Vector3.new(24.6926117, 15.0000019, -9.10870361), CFrame.new(0, 0, 0, 0, 1.00000143, 0, 0, 0, 1, 1.00000143, 0, 0)}, {Vector3.new(-9.80742836, 15.0000019, -21.6087036), CFrame.new(0, 0, 0, 1.00000143, 0, 0, 0, 0, 1, 0, -1.00000143, 0)}, {Vector3.new(-21.3074474, 13.0000019, -10.1087036), CFrame.new(0, 0, 0, -1.00000143, 0, 0, 0, 0, 1, 0, 1.00000143, 0)}, {Vector3.new(-22.3074474, 15.0000019, -9.10870361), CFrame.new(0, 0, 0, -1.00000143, 0, 0, 0, 0, 1, 0, 1.00000143, 0)}, {Vector3.new(9.27251816, 7.99999857, 0.12802124), CFrame.new(0, 0, 0, -1.00000143, 0, 0, 0, 1, 0, 0, 0, -1.00000143)}, {Vector3.new(10.272522, 8.99999809, 0.12802124), CFrame.new(0, 0, 0, -1.00000143, 0, 0, 0, 1, 0, 0, 0, -1.00000143)}, {Vector3.new(11.2725258, 9.99999809, 0.12802124), CFrame.new(0, 0, 0, -1.00000143, 0, 0, 0, 1, 0, 0, 0, -1.00000143)}, {Vector3.new(8.27251816, 6.99999857, 0.12802124), CFrame.new(0, 0, 0, -1.00000143, 0, 0, 0, 1, 0, 0, 0, -1.00000143)}, {Vector3.new(9.19259262, 13.0000019, 19.3913574), CFrame.new(0, 0, 0, -1.00000143, 0, 0, 0, 0, 1, 0, 1.00000143, 0)}, {Vector3.new(7.27251816, 6.00000048, 0.12802124), CFrame.new(0, 0, 0, -1.00000143, 0, 0, 0, 1, 0, 0, 0, -1.00000143)}, {Vector3.new(-30.7275295, 3, -4.87200928), CFrame.new(0, 0, 0, -1.00000143, 0, 0, 0, 0, -1, 0, -1.00000143, -0)}}
  , 
  {["Item"] = "Floodlight", ["Amount"] = 9, ["Whole"] = true, {Vector3.new(0.550296783, 21.1600094, -32.9774475), CFrame.new(0, 0, 0, -1.00000143, 0, 0, 0, 0, 1, 0, 1.00000143, 0)}, {Vector3.new(-30.4775372, 21.1600132, -0.221954346), CFrame.new(0, 0, 0, 0, 1.00000143, 0, 0, 0, 1, 1.00000143, 0, 0)}, {Vector3.new(25.0760422, 21.1600208, 23.4754639), CFrame.new(0, 0, 0, 0.707107782, -0.707107782, 0, 0, 0, 1, -0.707107782, -0.707107782, 0)}, {Vector3.new(1.03550911, 21.1600132, 32.977478), CFrame.new(0, 0, 0, 1.00000143, 0, 0, 0, 0, 1, 0, -1.00000143, 0)}, {Vector3.new(-22.2682934, 21.1600094, -23.6972656), CFrame.new(0, 0, 0, -0.707107782, 0.707107782, 0, 0, 0, 1, 0.707107782, 0.707107782, 0)}, {Vector3.new(34.4774818, 21.1600094, -0.0502624512), CFrame.new(0, 0, 0, 0, -1.00000143, 0, 0, 0, 1, -1.00000143, 0, 0)}, {Vector3.new(-34.4775391, 10.1600113, -0.221954346), CFrame.new(0, 0, 0, 0, 1.00000143, 0, 0, 0, 1, 1.00000143, 0, 0)}, {Vector3.new(23.6825142, 21.1600094, -23.9694824), CFrame.new(0, 0, 0, -0.707107782, -0.707107782, 0, 0, 0, 1, -0.707107782, 0.707107782, 0)}, {Vector3.new(-22.6116161, 21.1600132, 23.4547119), CFrame.new(0, 0, 0, 0.707107782, 0.707107782, 0, 0, 0, 1, 0.707107782, -0.707107782, 0)}}
  , 
  {["Item"] = "Timber", ["Amount"] = 4, ["Whole"] = false, {Vector3.new(14.1926003, 16.0000019, 31.3913574), CFrame.new(0, 0, 0, -1.00000143, 0, 0, 0, 0, 1, 0, 1.00000143, 0)}, {Vector3.new(-11.8074322, 16.0000019, -31.6087341), CFrame.new(0, 0, 0, -1.00000143, 0, 0, 0, 0, 1, 0, 1.00000143, 0)}, {Vector3.new(32.1926231, 16.0000019, -12.6087036), CFrame.new(0, 0, 0, -1.00000143, 0, 0, 0, 0, 1, 0, 1.00000143, 0)}, {Vector3.new(11.1926003, 16.0000019, 6.3913269), CFrame.new(0, 0, 0, -1.00000143, 0, 0, 0, 0, 1, 0, 1.00000143, 0)}, {Vector3.new(-5.80742455, 16.0000019, -6.60870361), CFrame.new(0, 0, 0, -1.00000143, 0, 0, 0, 0, 1, 0, 1.00000143, 0)}, {Vector3.new(11.1926003, 16.0000019, -6.60870361), CFrame.new(0, 0, 0, -1.00000143, 0, 0, 0, 0, 1, 0, 1.00000143, 0)}, {Vector3.new(-5.80742455, 16.0000019, 6.3913269), CFrame.new(0, 0, 0, -1.00000143, 0, 0, 0, 0, 1, 0, 1.00000143, 0)}, {Vector3.new(32.1926231, 16.0000019, 13.3913269), CFrame.new(0, 0, 0, -1.00000143, 0, 0, 0, 0, 1, 0, 1.00000143, 0)}, {Vector3.new(-27.8074551, 16.0000019, 14.3913269), CFrame.new(0, 0, 0, -1.00000143, 0, 0, 0, 0, 1, 0, 1.00000143, 0)}, {Vector3.new(-11.8074322, 16.0000019, 31.3913574), CFrame.new(0, 0, 0, -1.00000143, 0, 0, 0, 0, 1, 0, 1.00000143, 0)}, {Vector3.new(-29.8074589, 16.0000019, -13.6087036), CFrame.new(0, 0, 0, -1.00000143, 0, 0, 0, 0, 1, 0, 1.00000143, 0)}, {Vector3.new(14.1926003, 16.0000019, -31.6087341), CFrame.new(0, 0, 0, -1.00000143, 0, 0, 0, 0, 1, 0, 1.00000143, 0)}}
  , 
  {["Item"] = "Stone", ["Amount"] = 15, ["Whole"] = false, {Vector3.new(6.19259071, 8.99999809, -29.6087341), CFrame.new(0, 0, 0, -1.00000143, 0, 0, 0, 1, 0, 0, 0, -1.00000143)}, {Vector3.new(29.7725487, 8.99999809, 5.62802124), CFrame.new(0, 0, 0, 0, 0, 1.00000143, 0, 1, 0, -1.00000143, 0, 0)}, {Vector3.new(29.7725487, 8.99999809, -2.37200928), CFrame.new(0, 0, 0, 0, 0, 1.00000143, 0, 1, 0, -1.00000143, 0, 0)}, {Vector3.new(29.7725487, 8.99999809, -6.37200928), CFrame.new(0, 0, 0, 0, 0, 1.00000143, 0, 1, 0, -1.00000143, 0, 0)}, {Vector3.new(10.1925926, 8.99999809, -29.6087341), CFrame.new(0, 0, 0, -1.00000143, 0, 0, 0, 1, 0, 0, 0, -1.00000143)}, {Vector3.new(15.448616, 8.99999809, -27.1249695), CFrame.new(0, 0, 0, -0.707107782, 0, 0.707107782, 0, 1, 0, -0.707107782, 0, -0.707107782)}, {Vector3.new(26.7621994, 8.99999809, -15.8113403), CFrame.new(0, 0, 0, -0.707107782, 0, 0.707107782, 0, 1, 0, -0.707107782, 0, -0.707107782)}, {Vector3.new(2.1925869, 8.99999809, -29.6087341), CFrame.new(0, 0, 0, -1.00000143, 0, 0, 0, 1, 0, 0, 0, -1.00000143)}, {Vector3.new(18.2770157, 8.99999809, -24.2965088), CFrame.new(0, 0, 0, -0.707107782, 0, 0.707107782, 0, 1, 0, -0.707107782, 0, -0.707107782)}, {Vector3.new(29.5905724, 8.99999809, -12.9829712), CFrame.new(0, 0, 0, -0.707107782, 0, 0.707107782, 0, 1, 0, -0.707107782, 0, -0.707107782)}, {Vector3.new(-1.80741882, 8.99999809, -29.6087341), CFrame.new(0, 0, 0, -1.00000143, 0, 0, 0, 1, 0, 0, 0, -1.00000143)}, {Vector3.new(29.7725487, 8.99999809, 1.62802124), CFrame.new(0, 0, 0, 0, 0, 1.00000143, 0, 1, 0, -1.00000143, 0, 0)}, {Vector3.new(-5.80742455, 8.99999809, -29.6087341), CFrame.new(0, 0, 0, -1.00000143, 0, 0, 0, 1, 0, 0, 0, -1.00000143)}, {Vector3.new(23.9337959, 8.99999809, -18.6397705), CFrame.new(0, 0, 0, -0.707107782, 0, 0.707107782, 0, 1, 0, -0.707107782, 0, -0.707107782)}, {Vector3.new(21.105423, 8.99999809, -21.4681396), CFrame.new(0, 0, 0, -0.707107782, 0, 0.707107782, 0, 1, 0, -0.707107782, 0, -0.707107782)}, {Vector3.new(29.7725487, 8.99999809, -10.3720093), CFrame.new(0, 0, 0, 0, 0, 1.00000143, 0, 1, 0, -1.00000143, 0, 0)}, {Vector3.new(12.6202126, 8.99999809, -29.9533386), CFrame.new(0, 0, 0, -0.707107782, 0, 0.707107782, 0, 1, 0, -0.707107782, 0, -0.707107782)}, {Vector3.new(-9.80743217, 8.99999809, -29.6087341), CFrame.new(0, 0, 0, -1.00000143, 0, 0, 0, 1, 0, 0, 0, -1.00000143)}, {Vector3.new(29.7725487, 8.99999809, 9.62802124), CFrame.new(0, 0, 0, 0, 0, 1.00000143, 0, 1, 0, -1.00000143, 0, 0)}, {Vector3.new(12.2976418, 8.99999809, 30.0880432), CFrame.new(0, 0, 0, -0.707107782, 0, 0.707107782, 0, 1, 0, -0.707107782, 0, -0.707107782)}, {Vector3.new(29.7725487, 8.99999809, 13.6280212), CFrame.new(0, 0, 0, 0, 0, 1.00000143, 0, 1, 0, -1.00000143, 0, 0)}, {Vector3.new(-22.8030529, 8.99999809, 16.6531067), CFrame.new(0, 0, 0, -0.707107782, 0, 0.707107782, 0, 1, 0, -0.707107782, 0, -0.707107782)}, {Vector3.new(2.19258499, 8.99999809, 29.3913574), CFrame.new(0, 0, 0, 0, 0, 1.00000143, 0, 1, 0, -1.00000143, 0, 0)}, {Vector3.new(-19.9746838, 8.99999809, 19.4815063), CFrame.new(0, 0, 0, -0.707107782, 0, 0.707107782, 0, 1, 0, -0.707107782, 0, -0.707107782)}, {Vector3.new(6.19259071, 8.99999809, 29.3913574), CFrame.new(0, 0, 0, 0, 0, 1.00000143, 0, 1, 0, -1.00000143, 0, 0)}, {Vector3.new(19.3685722, 8.99999809, 23.0171509), CFrame.new(0, 0, 0, -0.707107782, 0, 0.707107782, 0, 1, 0, -0.707107782, 0, -0.707107782)}, {Vector3.new(22.19701, 8.99999809, 20.1887207), CFrame.new(0, 0, 0, -0.707107782, 0, 0.707107782, 0, 1, 0, -0.707107782, 0, -0.707107782)}, {Vector3.new(27.853756, 8.99999809, 14.5319519), CFrame.new(0, 0, 0, -0.707107782, 0, 0.707107782, 0, 1, 0, -0.707107782, 0, -0.707107782)}, {Vector3.new(-25.6314602, 8.99999809, 13.8246765), CFrame.new(0, 0, 0, -0.707107782, 0, 0.707107782, 0, 1, 0, -0.707107782, 0, -0.707107782)}, {Vector3.new(-17.1462803, 8.99999809, 22.3098755), CFrame.new(0, 0, 0, -0.707107782, 0, 0.707107782, 0, 1, 0, -0.707107782, 0, -0.707107782)}, {Vector3.new(-5.80742455, 8.99999809, 29.3913574), CFrame.new(0, 0, 0, 0, 0, 1.00000143, 0, 1, 0, -1.00000143, 0, 0)}, {Vector3.new(10.1925926, 8.99999809, 29.3913574), CFrame.new(0, 0, 0, 0, 0, 1.00000143, 0, 1, 0, -1.00000143, 0, 0)}, {Vector3.new(-31.2275295, 10.9999981, 3.62802124), CFrame.new(0, 0, 0, -1.00000143, 0, 0, 0, 1, 0, 0, 0, -1.00000143)}, {Vector3.new(-18.9450817, 8.99999619, -21.4679565), CFrame.new(0, 0, 0, 0.707107306, 0, 0.707108259, 0, 1, 0, -0.707108259, 0, 0.707107306)}, {Vector3.new(-28.2275295, 8.99999809, -11.3720093), CFrame.new(0, 0, 0, 0, 0, 1.00000143, 0, 1, 0, -1.00000143, 0, 0)}, {Vector3.new(-24.6018887, 8.99999619, -15.8111572), CFrame.new(0, 0, 0, 0.707107306, 0, 0.707108259, 0, 1, 0, -0.707108259, 0, 0.707107306)}, {Vector3.new(-13.28827, 8.99999619, -27.1247559), CFrame.new(0, 0, 0, 0.707107306, 0, 0.707108259, 0, 1, 0, -0.707108259, 0, 0.707107306)}, {Vector3.new(-21.7734852, 8.99999619, -18.6395874), CFrame.new(0, 0, 0, 0.707107306, 0, 0.707108259, 0, 1, 0, -0.707108259, 0, 0.707107306)}, {Vector3.new(-27.4302616, 8.99999619, -12.9827881), CFrame.new(0, 0, 0, 0.707107306, 0, 0.707108259, 0, 1, 0, -0.707108259, 0, 0.707107306)}, {Vector3.new(-28.2275295, 8.99999809, -3.37200928), CFrame.new(0, 0, 0, 0, 0, 1.00000143, 0, 1, 0, -1.00000143, 0, 0)}, {Vector3.new(-28.2275295, 8.99999809, 4.62802124), CFrame.new(0, 0, 0, 0, 0, 1.00000143, 0, 1, 0, -1.00000143, 0, 0)}, {Vector3.new(-28.4598637, 8.99999809, 10.9963074), CFrame.new(0, 0, 0, -0.707107782, 0, 0.707107782, 0, 1, 0, -0.707107782, 0, -0.707107782)}, {Vector3.new(-28.2275295, 8.99999809, -11.3720093), CFrame.new(0, 0, 0, 0, 0, 1.00000143, 0, 1, 0, -1.00000143, 0, 0)}, {Vector3.new(-28.2275295, 8.99999809, 8.62802124), CFrame.new(0, 0, 0, 0, 0, 1.00000143, 0, 1, 0, -1.00000143, 0, 0)}, {Vector3.new(-28.2275295, 8.99999809, 0.62802124), CFrame.new(0, 0, 0, 0, 0, 1.00000143, 0, 1, 0, -1.00000143, 0, 0)}, {Vector3.new(-28.4598637, 8.99999809, 10.9963074), CFrame.new(0, 0, 0, -0.707107782, 0, 0.707107782, 0, 1, 0, -0.707107782, 0, -0.707107782)}, {Vector3.new(-28.2275295, 8.99999809, -7.37200928), CFrame.new(0, 0, 0, 0, 0, 1.00000143, 0, 1, 0, -1.00000143, 0, 0)}, {Vector3.new(-16.1166439, 8.99999619, -24.2963867), CFrame.new(0, 0, 0, 0.707107306, 0, 0.707108259, 0, 1, 0, -0.707108259, 0, 0.707107306)}, {Vector3.new(-31.2275295, 10.9999981, -4.37200928), CFrame.new(0, 0, 0, -1.00000143, 0, 0, 0, 1, 0, 0, 0, -1.00000143)}, {Vector3.new(-32.2275352, 10.9999981, -0.37197876), CFrame.new(0, 0, 0, -1.00000143, 0, 0, 0, 1, 0, 0, 0, -1.00000143)}, {Vector3.new(-11.1669607, 8.99999619, -29.2461243), CFrame.new(0, 0, 0, 0.707107306, 0, 0.707108259, 0, 1, 0, -0.707108259, 0, 0.707107306)}, {Vector3.new(25.0253792, 8.99999809, 17.3603516), CFrame.new(0, 0, 0, -0.707107782, 0, 0.707107782, 0, 1, 0, -0.707107782, 0, -0.707107782)}, {Vector3.new(-14.3178768, 8.99999809, 25.1383057), CFrame.new(0, 0, 0, -0.707107782, 0, 0.707107782, 0, 1, 0, -0.707107782, 0, -0.707107782)}, {Vector3.new(13.7118263, 8.99999809, 28.6738892), CFrame.new(0, 0, 0, -0.707107782, 0, 0.707107782, 0, 1, 0, -0.707107782, 0, -0.707107782)}, {Vector3.new(16.5402031, 8.99999809, 25.84552), CFrame.new(0, 0, 0, -0.707107782, 0, 0.707107782, 0, 1, 0, -0.707107782, 0, -0.707107782)}, {Vector3.new(-11.4894361, 8.99999809, 27.9667358), CFrame.new(0, 0, 0, -0.707107782, 0, 0.707107782, 0, 1, 0, -0.707107782, 0, -0.707107782)}, {Vector3.new(-9.80743217, 8.99999809, 29.3913574), CFrame.new(0, 0, 0, 0, 0, 1.00000143, 0, 1, 0, -1.00000143, 0, 0)}, {Vector3.new(-1.80741882, 8.99999809, 29.3913574), CFrame.new(0, 0, 0, 0, 0, 1.00000143, 0, 1, 0, -1.00000143, 0, 0)}}
  , 
