local SmallBase = {
  {["Item"] = "Stone", ["Amount"] = 12, ["Whole"] = false, {Vector3.new(-16, 28, -10), CFrame.new(0, 0, 0, 1, 0, 0, 0, 1, 0, 0, 0, 1)}, {Vector3.new(16, 28, -14), CFrame.new(0, 0, 0, 0, 0, -1, 0, 1, 0, 1, 0, 0)}, {Vector3.new(16, 28, 14), CFrame.new(0, 0, 0, -1, 0, 0, 0, 1, 0, 0, 0, -1)}, {Vector3.new(-10, 28, -16), CFrame.new(0, 0, 0, 1, 0, 0, 0, 1, 0, 0, 0, 1)}, {Vector3.new(-12, 25, 10), CFrame.new(0, 0, 0, 0, 0, 1, 0, 1, -0, -1, 0, 0)}, {Vector3.new(16, 28, -10), CFrame.new(0, 0, 0, 0, 0, -1, 0, 1, 0, 1, 0, 0)}, {Vector3.new(12, 25, -10), CFrame.new(0, 0, 0, 0, 0, -1, 0, 1, 0, 1, 0, 0)}, {Vector3.new(14, 27, 14), CFrame.new(0, 0, 0, -1, 0, 0, 0, 1, 0, 0, 0, -1)}, {Vector3.new(14, 28, -16), CFrame.new(0, 0, 0, 0, 0, -1, 0, 1, 0, 1, 0, 0)}, {Vector3.new(16, 28, 16), CFrame.new(0, 0, 0, -1, 0, 0, 0, 1, 0, 0, 0, -1)}, {Vector3.new(16, 28, -16), CFrame.new(0, 0, 0, 0, 0, -1, 0, 1, 0, 1, 0, 0)}, {Vector3.new(-14, 28, 16), CFrame.new(0, 0, 0, 0, 0, 1, 0, 1, -0, -1, 0, 0)}, {Vector3.new(-10, 25, 12), CFrame.new(0, 0, 0, 0, 0, 1, 0, 1, -0, -1, 0, 0)}, {Vector3.new(-14, 28, -16), CFrame.new(0, 0, 0, 1, 0, 0, 0, 1, 0, 0, 0, 1)}, {Vector3.new(10, 23, -10), CFrame.new(0, 0, 0, 0, 0, -1, 0, 1, 0, 1, 0, 0)}, {Vector3.new(14, 28, 16), CFrame.new(0, 0, 0, -1, 0, 0, 0, 1, 0, 0, 0, -1)}, {Vector3.new(14, 27, 10), CFrame.new(0, 0, 0, -1, 0, 0, 0, 1, 0, 0, 0, -1)}, {Vector3.new(16, 28, 10), CFrame.new(0, 0, 0, -1, 0, 0, 0, 1, 0, 0, 0, -1)}, {Vector3.new(-16, 28, -14), CFrame.new(0, 0, 0, 1, 0, 0, 0, 1, 0, 0, 0, 1)}, {Vector3.new(-10, 23, -10), CFrame.new(0, 0, 0, 1, 0, 0, 0, 1, 0, 0, 0, 1)}, {Vector3.new(-12, 25, -10), CFrame.new(0, 0, 0, 1, 0, 0, 0, 1, 0, 0, 0, 1)}, {Vector3.new(-16, 28, 10), CFrame.new(0, 0, 0, 0, 0, 1, 0, 1, -0, -1, 0, 0)}, {Vector3.new(-10, 27, 14), CFrame.new(0, 0, 0, 0, 0, 1, 0, 1, -0, -1, 0, 0)}, {Vector3.new(10, 28, -16), CFrame.new(0, 0, 0, 0, 0, -1, 0, 1, 0, 1, 0, 0)}, {Vector3.new(-16, 28, 16), CFrame.new(0, 0, 0, 0, 0, 1, 0, 1, -0, -1, 0, 0)}, {Vector3.new(-16, 28, 14), CFrame.new(0, 0, 0, 0, 0, 1, 0, 1, -0, -1, 0, 0)}, {Vector3.new(10, 23, 10), CFrame.new(0, 0, 0, -1, 0, 0, 0, 1, 0, 0, 0, -1)}, {Vector3.new(12, 25, 10), CFrame.new(0, 0, 0, -1, 0, 0, 0, 1, 0, 0, 0, -1)}, {Vector3.new(10, 25, 12), CFrame.new(0, 0, 0, -1, 0, 0, 0, 1, 0, 0, 0, -1)}, {Vector3.new(10, 27, 14), CFrame.new(0, 0, 0, -1, 0, 0, 0, 1, 0, 0, 0, -1)}, {Vector3.new(-14, 27, 14), CFrame.new(0, 0, 0, 0, 0, 1, 0, 1, -0, -1, 0, 0)}, {Vector3.new(-14, 27, 10), CFrame.new(0, 0, 0, 0, 0, 1, 0, 1, -0, -1, 0, 0)}, {Vector3.new(14, 27, -14), CFrame.new(0, 0, 0, 0, 0, -1, 0, 1, 0, 1, 0, 0)}, {Vector3.new(10, 27, -14), CFrame.new(0, 0, 0, 0, 0, -1, 0, 1, 0, 1, 0, 0)}, {Vector3.new(-10, 27, -14), CFrame.new(0, 0, 0, 1, 0, 0, 0, 1, 0, 0, 0, 1)}, {Vector3.new(-14, 27, -10), CFrame.new(0, 0, 0, 1, 0, 0, 0, 1, 0, 0, 0, 1)}, {Vector3.new(-10, 23, 10), CFrame.new(0, 0, 0, 0, 0, 1, 0, 1, -0, -1, 0, 0)}, {Vector3.new(10, 28, 16), CFrame.new(0, 0, 0, -1, 0, 0, 0, 1, 0, 0, 0, -1)}, {Vector3.new(14, 27, -10), CFrame.new(0, 0, 0, 0, 0, -1, 0, 1, 0, 1, 0, 0)}, {Vector3.new(10, 25, -12), CFrame.new(0, 0, 0, 0, 0, -1, 0, 1, 0, 1, 0, 0)}, {Vector3.new(-16, 28, -16), CFrame.new(0, 0, 0, 1, 0, 0, 0, 1, 0, 0, 0, 1)}, {Vector3.new(-10, 25, -12), CFrame.new(0, 0, 0, 1, 0, 0, 0, 1, 0, 0, 0, 1)}, {Vector3.new(-14, 27, -14), CFrame.new(0, 0, 0, 1, 0, 0, 0, 1, 0, 0, 0, 1)}, {Vector3.new(-10, 28, 16), CFrame.new(0, 0, 0, 0, 0, 1, 0, 1, -0, -1, 0, 0)}}
  , 
  {["Item"] = "Timber", ["Amount"] = 27, ["Whole"] = false, {Vector3.new(11.2425842, 42.2426376, -1), CFrame.new(0, 0, 0, 0, -0.707106829, -0.707106829, 0, -0.707106829, 0.707106829, -1, 0, 0)}, {Vector3.new(-7, 40, -7), CFrame.new(0, 0, 0, 0, 1, 0, 0, 0, 1, 1, 0, 0)}, {Vector3.new(-11.2426758, 42.2425919, 6.99996948), CFrame.new(0, 0, 0, 0, 0.707106829, -0.707106829, 0, -0.707106829, -0.707106829, -1, 0, 0)}, {Vector3.new(3, 42.2426529, 11.2426453), CFrame.new(0, 0, 0, -1, 0, 0, 0, -0.707106829, -0.707106829, 0, -0.707106829, 0.707106829)}, {Vector3.new(-5, 42.2426529, 11.2426453), CFrame.new(0, 0, 0, -1, 0, 0, 0, -0.707106829, -0.707106829, 0, -0.707106829, 0.707106829)}, {Vector3.new(5, 42.2426529, 11.2426453), CFrame.new(0, 0, 0, -1, 0, 0, 0, -0.707106829, -0.707106829, 0, -0.707106829, 0.707106829)}, {Vector3.new(7, 0, 14), CFrame.new(0, 0, 0, -1, 0, 0, 0, -1, 0, 0, 0, 1)}, {Vector3.new(0, 21, -6), CFrame.new(0, 0, 0, 0, 0, 1, 0, -1, 0, 1, 0, -0)}, {Vector3.new(11.2425842, 42.2426376, 7), CFrame.new(0, 0, 0, 0, -0.707106829, -0.707106829, 0, -0.707106829, 0.707106829, -1, 0, 0)}, {Vector3.new(-11.2426758, 42.2426376, -1), CFrame.new(0, 0, 0, 0, 0.707106829, -0.707106829, 0, -0.707106829, -0.707106829, -1, 0, 0)}, {Vector3.new(-11.2426758, 42.2425919, 5), CFrame.new(0, 0, 0, 0, 0.707106829, -0.707106829, 0, -0.707106829, -0.707106829, -1, 0, 0)}, {Vector3.new(11.2425842, 42.2426376, 5), CFrame.new(0, 0, 0, 0, -0.707106829, -0.707106829, 0, -0.707106829, 0.707106829, -1, 0, 0)}, {Vector3.new(11.2425842, 42.2426376, -6.99996948), CFrame.new(0, 0, 0, 0, -0.707106829, -0.707106829, 0, -0.707106829, 0.707106829, -1, 0, 0)}, {Vector3.new(-7, 42.2426376, -11.2426453), CFrame.new(0, 0, 0, -1, 0, 0, 0, -0.707106829, 0.707106829, 0, 0.707106829, 0.707106829)}, {Vector3.new(7, 33, 0), CFrame.new(0, 0, 0, -1, 0, 0, 0, -1, 0, 0, 0, 1)}, {Vector3.new(7, 42.2426376, -11.2426453), CFrame.new(0, 0, 0, -1, 0, 0, 0, -0.707106829, 0.707106829, 0, 0.707106829, 0.707106829)}, {Vector3.new(-2.12127686, 33, -2.19235229), CFrame.new(0, 0, 0, -0.707106829, 0, 0.707106829, 0, -1, 0, 0.707106829, 0, 0.707106829)}, {Vector3.new(5, 42.2426376, -11.2426453), CFrame.new(0, 0, 0, -1, 0, 0, 0, -0.707106829, 0.707106829, 0, 0.707106829, 0.707106829)}, {Vector3.new(2.12133789, 33, -2.19235229), CFrame.new(0, 0, 0, 0.707106829, 0, 0.707106829, 0, -1, 0, 0.707106829, 0, -0.707106829)}, {Vector3.new(-11.2426758, 42.2425919, -3), CFrame.new(0, 0, 0, 0, 0.707106829, -0.707106829, 0, -0.707106829, -0.707106829, -1, 0, 0)}, {Vector3.new(11.2425842, 42.2426376, -4.99996948), CFrame.new(0, 0, 0, 0, -0.707106829, -0.707106829, 0, -0.707106829, 0.707106829, -1, 0, 0)}, {Vector3.new(-11.2426758, 42.2425919, -7), CFrame.new(0, 0, 0, 0, 0.707106829, -0.707106829, 0, -0.707106829, -0.707106829, -1, 0, 0)}, {Vector3.new(-11.2426758, 42.2425919, 3), CFrame.new(0, 0, 0, 0, 0.707106829, -0.707106829, 0, -0.707106829, -0.707106829, -1, 0, 0)}, {Vector3.new(-11.2426758, 42.2425919, 1), CFrame.new(0, 0, 0, 0, 0.707106829, -0.707106829, 0, -0.707106829, -0.707106829, -1, 0, 0)}, {Vector3.new(-3, 42.2426224, 11.2426453), CFrame.new(0, 0, 0, -1, 0, 0, 0, -0.707106829, -0.707106829, 0, -0.707106829, 0.707106829)}, {Vector3.new(1, 42.2426529, 11.2426453), CFrame.new(0, 0, 0, -1, 0, 0, 0, -0.707106829, -0.707106829, 0, -0.707106829, 0.707106829)}, {Vector3.new(-3, 42.2426376, -11.2426453), CFrame.new(0, 0, 0, -1, 0, 0, 0, -0.707106829, 0.707106829, 0, 0.707106829, 0.707106829)}, {Vector3.new(11.2425842, 42.2426376, 3), CFrame.new(0, 0, 0, 0, -0.707106829, -0.707106829, 0, -0.707106829, 0.707106829, -1, 0, 0)}, {Vector3.new(-1, 42.2426529, 11.2426453), CFrame.new(0, 0, 0, -1, 0, 0, 0, -0.707106829, -0.707106829, 0, -0.707106829, 0.707106829)}, {Vector3.new(3, 42.2426376, -11.2426453), CFrame.new(0, 0, 0, -1, 0, 0, 0, -0.707106829, 0.707106829, 0, 0.707106829, 0.707106829)}, {Vector3.new(-1, 42.2426376, -11.2426453), CFrame.new(0, 0, 0, -1, 0, 0, 0, -0.707106829, 0.707106829, 0, 0.707106829, 0.707106829)}, {Vector3.new(1, 42.2426376, -11.2426453), CFrame.new(0, 0, 0, -1, 0, 0, 0, -0.707106829, 0.707106829, 0, 0.707106829, 0.707106829)}, {Vector3.new(11.2425842, 42.2426376, 1), CFrame.new(0, 0, 0, 0, -0.707106829, -0.707106829, 0, -0.707106829, 0.707106829, -1, 0, 0)}, {Vector3.new(-5, 42.2426376, -11.2426453), CFrame.new(0, 0, 0, -1, 0, 0, 0, -0.707106829, 0.707106829, 0, 0.707106829, 0.707106829)}, {Vector3.new(11.2425842, 42.2426376, -3), CFrame.new(0, 0, 0, 0, -0.707106829, -0.707106829, 0, -0.707106829, 0.707106829, -1, 0, 0)}, {Vector3.new(-11.2426758, 42.2425919, -5), CFrame.new(0, 0, 0, 0, 0.707106829, -0.707106829, 0, -0.707106829, -0.707106829, -1, 0, 0)}, {Vector3.new(-6, 21, 0), CFrame.new(0, 0, 0, -1, 0, 0, 0, -1, 0, 0, 0, 1)}, {Vector3.new(-7, 28, 7), CFrame.new(0, 0, 0, 0, 1, 0, 0, 0, 1, 1, 0, 0)}, {Vector3.new(2.12133789, 33, 2.05029297), CFrame.new(0, 0, 0, -0.707106829, 0, 0.707106829, 0, -1, 0, 0.707106829, 0, 0.707106829)}, {Vector3.new(0, 33, -7), CFrame.new(0, 0, 0, 0, 0, 1, 0, -1, 0, 1, 0, -0)}, {Vector3.new(-7, 16, 5), CFrame.new(0, 0, 0, -1, 0, 0, 0, 0, 1, 0, 1, -0)}, {Vector3.new(-3, 16, -7), CFrame.new(0, 0, 0, 0, 1, 0, 0, 0, 1, 1, 0, 0)}, {Vector3.new(6, 21, 0), CFrame.new(0, 0, 0, -1, 0, 0, 0, -1, 0, 0, 0, 1)}, {Vector3.new(0, 21, 6), CFrame.new(0, 0, 0, 0, 0, 1, 0, -1, 0, 1, 0, -0)}, {Vector3.new(-1, 46, 7), CFrame.new(0, 0, 0, 0, 0, 1, 0, -1, 0, 1, 0, -0)}, {Vector3.new(-7, 46, -1), CFrame.new(0, 0, 0, 1, 0, 0, 0, -1, 0, 0, 0, -1)}, {Vector3.new(-7, 40, 7), CFrame.new(0, 0, 0, 0, 1, 0, 0, 0, 1, 1, 0, 0)}, {Vector3.new(7, 40, 7), CFrame.new(0, 0, 0, 0, 1, 0, 0, 0, 1, 1, 0, 0)}, {Vector3.new(1, 46, -7), CFrame.new(0, 0, 0, 0, 0, 1, 0, -1, 0, 1, 0, -0)}, {Vector3.new(-1, 46, 0), CFrame.new(0, 0, 0, 0, 0, 1, 0, -1, 0, 1, 0, -0)}, {Vector3.new(7, 46, 1), CFrame.new(0, 0, 0, 1, 0, 0, 0, -1, 0, 0, 0, -1)}, {Vector3.new(0, 46, -1), CFrame.new(0, 0, 0, 1, 0, 0, 0, -1, 0, 0, 0, -1)}, {Vector3.new(-1, 46, -7), CFrame.new(0, 0, 0, 0, 0, 1, 0, -1, 0, 1, 0, -0)}, {Vector3.new(1, 46, 7), CFrame.new(0, 0, 0, 0, 0, 1, 0, -1, 0, 1, 0, -0)}, {Vector3.new(0, 46, 1), CFrame.new(0, 0, 0, 1, 0, 0, 0, -1, 0, 0, 0, -1)}, {Vector3.new(-7, 46, 1), CFrame.new(0, 0, 0, 1, 0, 0, 0, -1, 0, 0, 0, -1)}, {Vector3.new(7, 46, -1), CFrame.new(0, 0, 0, 1, 0, 0, 0, -1, 0, 0, 0, -1)}, {Vector3.new(-7, 5, 7), CFrame.new(0, 0, 0, -1, 0, 0, 0, 0, 1, 0, 1, -0)}, {Vector3.new(7, 5, -7), CFrame.new(0, 0, 0, -1, 0, 0, 0, 0, 1, 0, 1, -0)}, {Vector3.new(7, 5, 7), CFrame.new(0, 0, 0, -1, 0, 0, 0, 0, 1, 0, 1, -0)}, {Vector3.new(-1, 46, 0), CFrame.new(0, 0, 0, 0, 0, 1, 0, -1, 0, 1, 0, -0)}, {Vector3.new(1, 46, 0), CFrame.new(0, 0, 0, 0, 0, 1, 0, -1, 0, 1, 0, -0)}, {Vector3.new(7, 40, -7), CFrame.new(0, 0, 0, 0, 1, 0, 0, 0, 1, 1, 0, 0)}, {Vector3.new(-14, 0, 7), CFrame.new(0, 0, 0, 0, 0, -1, 0, -1, -0, -1, 0, -0)}, {Vector3.new(14, 0, -7), CFrame.new(0, 0, 0, 0, 0, 1, 0, -1, 0, 1, 0, -0)}, {Vector3.new(-7, 5, -7), CFrame.new(0, 0, 0, -1, 0, 0, 0, 0, 1, 0, 1, -0)}, {Vector3.new(1, 46, 0), CFrame.new(0, 0, 0, 0, 0, 1, 0, -1, 0, 1, 0, -0)}, {Vector3.new(-2.12127686, 33, 2.05026245), CFrame.new(0, 0, 0, 0.707106829, 0, 0.707106829, 0, -1, 0, 0.707106829, 0, -0.707106829)}, {Vector3.new(-7, 42.2426529, 11.2426453), CFrame.new(0, 0, 0, -1, 0, 0, 0, -0.707106829, -0.707106829, 0, -0.707106829, 0.707106829)}, {Vector3.new(-7, 0, 14), CFrame.new(0, 0, 0, -1, 0, 0, 0, -1, 0, 0, 0, 1)}, {Vector3.new(14, 0, 7), CFrame.new(0, 0, 0, 0, 0, 1, 0, -1, 0, 1, 0, -0)}, {Vector3.new(7, 0, -14), CFrame.new(0, 0, 0, 1, 0, 0, 0, -1, 0, 0, 0, -1)}, {Vector3.new(-7, 0, -14), CFrame.new(0, 0, 0, 1, 0, 0, 0, -1, 0, 0, 0, -1)}, {Vector3.new(-14, 0, -7), CFrame.new(0, 0, 0, 0, 0, -1, 0, -1, -0, -1, 0, -0)}, {Vector3.new(0, 33, 7), CFrame.new(0, 0, 0, 0, 0, 1, 0, -1, 0, 1, 0, -0)}, {Vector3.new(7, 42.2426682, 11.2426453), CFrame.new(0, 0, 0, -1, 0, 0, 0, -0.707106829, -0.707106829, 0, -0.707106829, 0.707106829)}, {Vector3.new(-7, 33, 0), CFrame.new(0, 0, 0, -1, 0, 0, 0, -1, 0, 0, 0, 1)}, {Vector3.new(7, 28, -7), CFrame.new(0, 0, 0, -1, 0, 0, 0, 0, 1, 0, 1, -0)}, {Vector3.new(7, 16, 5), CFrame.new(0, 0, 0, -1, 0, 0, 0, 0, 1, 0, 1, -0)}, {Vector3.new(3, 16, -7), CFrame.new(0, 0, 0, 0, 1, 0, 0, 0, 1, 1, 0, 0)}, {Vector3.new(-7, 28, -7), CFrame.new(0, 0, 0, -1, 0, 0, 0, 0, 1, 0, 1, -0)}, {Vector3.new(7, 16, 7), CFrame.new(0, 0, 0, -1, 0, 0, 0, 0, 1, 0, 1, -0)}, {Vector3.new(5, 16, -7), CFrame.new(0, 0, 0, -1, 0, 0, 0, 0, 1, 0, 1, -0)}, {Vector3.new(7, 16, -7), CFrame.new(0, 0, 0, -1, 0, 0, 0, 0, 1, 0, 1, -0)}, {Vector3.new(-3, 16, 7), CFrame.new(0, 0, 0, 0, 1, 0, 0, 0, 1, 1, 0, 0)}, {Vector3.new(-7, 16, 7), CFrame.new(0, 0, 0, -1, 0, 0, 0, 0, 1, 0, 1, -0)}, {Vector3.new(3, 16, 7), CFrame.new(0, 0, 0, 0, 1, 0, 0, 0, 1, 1, 0, 0)}, {Vector3.new(-7, 16, -3), CFrame.new(0, 0, 0, -1, 0, 0, 0, 0, 1, 0, 1, -0)}, {Vector3.new(-7, 16, -5), CFrame.new(0, 0, 0, -1, 0, 0, 0, 0, 1, 0, 1, -0)}, {Vector3.new(0, 19, -7), CFrame.new(0, 0, 0, 0, 0, 1, 0, -1, 0, 1, 0, -0)}, {Vector3.new(7, 16, 3), CFrame.new(0, 0, 0, -1, 0, 0, 0, 0, 1, 0, 1, -0)}, {Vector3.new(-7, 19, 0), CFrame.new(0, 0, 0, -1, 0, 0, 0, -1, 0, 0, 0, 1)}, {Vector3.new(-7, 16, 3), CFrame.new(0, 0, 0, -1, 0, 0, 0, 0, 1, 0, 1, -0)}, {Vector3.new(-7, 21, 0), CFrame.new(0, 0, 0, -1, 0, 0, 0, -1, 0, 0, 0, 1)}, {Vector3.new(0, 19, 7), CFrame.new(0, 0, 0, 0, 0, 1, 0, -1, 0, 1, 0, -0)}, {Vector3.new(-5, 16, 7), CFrame.new(0, 0, 0, -1, 0, 0, 0, 0, 1, 0, 1, -0)}, {Vector3.new(0, 21, 7), CFrame.new(0, 0, 0, 0, 0, 1, 0, -1, 0, 1, 0, -0)}, {Vector3.new(7, 21, 0), CFrame.new(0, 0, 0, -1, 0, 0, 0, -1, 0, 0, 0, 1)}, {Vector3.new(5, 16, 7), CFrame.new(0, 0, 0, -1, 0, 0, 0, 0, 1, 0, 1, -0)}, {Vector3.new(7, 16, -3), CFrame.new(0, 0, 0, -1, 0, 0, 0, 0, 1, 0, 1, -0)}, {Vector3.new(7, 16, -5), CFrame.new(0, 0, 0, -1, 0, 0, 0, 0, 1, 0, 1, -0)}, {Vector3.new(-5, 16, -7), CFrame.new(0, 0, 0, -1, 0, 0, 0, 0, 1, 0, 1, -0)}, {Vector3.new(7, 19, 0), CFrame.new(0, 0, 0, -1, 0, 0, 0, -1, 0, 0, 0, 1)}, {Vector3.new(7, 28, 7), CFrame.new(0, 0, 0, 0, 1, 0, 0, 0, 1, 1, 0, 0)}, {Vector3.new(0, 21, -7), CFrame.new(0, 0, 0, 0, 0, 1, 0, -1, 0, 1, 0, -0)}, {Vector3.new(-7, 16, -7), CFrame.new(0, 0, 0, -1, 0, 0, 0, 0, 1, 0, 1, -0)}}
  , 
  {["Item"] = "Bricks", ["Amount"] = 20, ["Whole"] = false, {Vector3.new(0, 6, 13), CFrame.new(0, 0, 0, 0, 0, -1, 1, 0, 0, 0, -1, 0)}, {Vector3.new(11, 8, 0), CFrame.new(0, 0, 0, 0, -1, 0, 1, 0, -0, 0, 0, 1)}, {Vector3.new(15, 4, 0), CFrame.new(0, 0, 0, 0, -1, 0, 1, 0, -0, 0, 0, 1)}, {Vector3.new(11, 8, 4), CFrame.new(0, 0, 0, 0, -1, 0, 1, 0, -0, 0, 0, 1)}, {Vector3.new(0, 6, -13), CFrame.new(0, 0, 0, 0, 0, 1, 1, 0, 0, 0, 1, 0)}, {Vector3.new(17, 0, 0), CFrame.new(0, 0, 0, 0, 1, 0, 1, 0, 0, 0, 0, -1)}, {Vector3.new(19, 0, 4), CFrame.new(0, 0, 0, 0, -1, 0, 1, 0, -0, 0, 0, 1)}, {Vector3.new(4, 6, 13), CFrame.new(0, 0, 0, 0, 0, -1, 1, 0, 0, 0, -1, 0)}, {Vector3.new(17, 2, 0), CFrame.new(0, 0, 0, 0, -1, 0, 1, 0, -0, 0, 0, 1)}, {Vector3.new(0, 2, 17), CFrame.new(0, 0, 0, 0, 0, -1, 1, 0, 0, 0, -1, 0)}, {Vector3.new(0, 4, 15), CFrame.new(0, 0, 0, 0, 0, -1, 1, 0, 0, 0, -1, 0)}, {Vector3.new(9, 10, 0), CFrame.new(0, 0, 0, 0, -1, 0, 1, 0, -0, 0, 0, 1)}, {Vector3.new(4, 4, 15), CFrame.new(0, 0, 0, 0, 0, -1, 1, 0, 0, 0, -1, 0)}, {Vector3.new(-4, 6, 13), CFrame.new(0, 0, 0, 0, 0, -1, 1, 0, 0, 0, -1, 0)}, {Vector3.new(0, 8, -11), CFrame.new(0, 0, 0, 0, 0, 1, 1, 0, 0, 0, 1, 0)}, {Vector3.new(4, 0, -19), CFrame.new(0, 0, 0, 0, 0, 1, 1, 0, 0, 0, 1, 0)}, {Vector3.new(0, 2, -17), CFrame.new(0, 0, 0, 0, 0, 1, 1, 0, 0, 0, 1, 0)}, {Vector3.new(7, 10, 0), CFrame.new(0, 0, 0, 0, -1, 0, 1, 0, -0, 0, 0, 1)}, {Vector3.new(7, 10, -4), CFrame.new(0, 0, 0, 0, -1, 0, 1, 0, -0, 0, 0, 1)}, {Vector3.new(-4, 8, -11), CFrame.new(0, 0, 0, 0, 0, 1, 1, 0, 0, 0, 1, 0)}, {Vector3.new(-4, 0, -19), CFrame.new(0, 0, 0, 0, 0, 1, 1, 0, 0, 0, 1, 0)}, {Vector3.new(0, 4, -15), CFrame.new(0, 0, 0, 0, 0, 1, 1, 0, 0, 0, 1, 0)}, {Vector3.new(-15, 0, -4), CFrame.new(0, 0, 0, 0, 1, 0, 1, 0, 0, 0, 0, -1)}, {Vector3.new(-19, 0, 0), CFrame.new(0, 0, 0, 0, 1, 0, 1, 0, 0, 0, 0, -1)}, {Vector3.new(-1, 0, 4), CFrame.new(0, 0, 0, 0, 1, 0, 1, 0, 0, 0, 0, -1)}, {Vector3.new(7, 0, 4), CFrame.new(0, 0, 0, 0, 1, 0, 1, 0, 0, 0, 0, -1)}, {Vector3.new(-17, 2, -4), CFrame.new(0, 0, 0, 0, 1, 0, 1, 0, 0, 0, 0, -1)}, {Vector3.new(0, 0, -7), CFrame.new(0, 0, 0, 0, 0, -1, 1, 0, 0, 0, -1, 0)}, {Vector3.new(-4, 0, -7), CFrame.new(0, 0, 0, 0, 0, -1, 1, 0, 0, 0, -1, 0)}, {Vector3.new(0, 10, -9), CFrame.new(0, 0, 0, 0, 0, 1, 1, 0, 0, 0, 1, 0)}, {Vector3.new(7, 0, 0), CFrame.new(0, 0, 0, 0, 1, 0, 1, 0, 0, 0, 0, -1)}, {Vector3.new(-17, 0, 4), CFrame.new(0, 0, 0, 0, 1, 0, 1, 0, 0, 0, 0, -1)}, {Vector3.new(0, 0, -9), CFrame.new(0, 0, 0, 0, 0, -1, 1, 0, 0, 0, -1, 0)}, {Vector3.new(13, 0, 0), CFrame.new(0, 0, 0, 0, 1, 0, 1, 0, 0, 0, 0, -1)}, {Vector3.new(-7, 10, -4), CFrame.new(0, 0, 0, 0, 1, 0, 1, 0, 0, 0, 0, -1)}, {Vector3.new(-7, 10, 0), CFrame.new(0, 0, 0, 0, 1, 0, 1, 0, 0, 0, 0, -1)}, {Vector3.new(-19, 0, 4), CFrame.new(0, 0, 0, 0, 1, 0, 1, 0, 0, 0, 0, -1)}, {Vector3.new(4, 0, -7), CFrame.new(0, 0, 0, 0, 0, -1, 1, 0, 0, 0, -1, 0)}, {Vector3.new(-7, 0, 0), CFrame.new(0, 0, 0, 0, 1, 0, 1, 0, 0, 0, 0, -1)}, {Vector3.new(0, 22, 0), CFrame.new(0, 0, 0, 0, 0, -1, 1, 0, 0, 0, -1, 0)}, {Vector3.new(0, 0, 7), CFrame.new(0, 0, 0, 0, 0, -1, 1, 0, 0, 0, -1, 0)}, {Vector3.new(-17, 2, 0), CFrame.new(0, 0, 0, 0, 1, 0, 1, 0, 0, 0, 0, -1)}, {Vector3.new(-11, 0, 0), CFrame.new(0, 0, 0, 0, 1, 0, 1, 0, 0, 0, 0, -1)}, {Vector3.new(-11, 0, 4), CFrame.new(0, 0, 0, 0, 1, 0, 1, 0, 0, 0, 0, -1)}, {Vector3.new(-3, 0, -4), CFrame.new(0, 0, 0, 0, 1, 0, 1, 0, 0, 0, 0, -1)}, {Vector3.new(0, 16, 0), CFrame.new(0, 0, 0, 0, -1, 0, 1, 0, -0, 0, 0, 1)}, {Vector3.new(-13, 0, 4), CFrame.new(0, 0, 0, 0, 1, 0, 1, 0, 0, 0, 0, -1)}, {Vector3.new(-4, 6, -13), CFrame.new(0, 0, 0, 0, 0, 1, 1, 0, 0, 0, 1, 0)}, {Vector3.new(11, 0, 0), CFrame.new(0, 0, 0, 0, 1, 0, 1, 0, 0, 0, 0, -1)}, {Vector3.new(13, 0, 4), CFrame.new(0, 0, 0, 0, 1, 0, 1, 0, 0, 0, 0, -1)}, {Vector3.new(-1, 0, -4), CFrame.new(0, 0, 0, 0, 1, 0, 1, 0, 0, 0, 0, -1)}, {Vector3.new(-11, 8, 4), CFrame.new(0, 0, 0, 0, 1, 0, 1, 0, 0, 0, 0, -1)}, {Vector3.new(6, 29, 17), CFrame.new(0, 0, 0, 0, 0, -1, 1, 0, 0, 0, -1, 0)}, {Vector3.new(4, 8, -11), CFrame.new(0, 0, 0, 0, 0, 1, 1, 0, 0, 0, 1, 0)}, {Vector3.new(5, 0, 0), CFrame.new(0, 0, 0, 0, 1, 0, 1, 0, 0, 0, 0, -1)}, {Vector3.new(3, 0, 4), CFrame.new(0, 0, 0, 0, 1, 0, 1, 0, 0, 0, 0, -1)}, {Vector3.new(9, 0, 0), CFrame.new(0, 0, 0, 0, 1, 0, 1, 0, 0, 0, 0, -1)}, {Vector3.new(-13, 6, 4), CFrame.new(0, 0, 0, 0, 1, 0, 1, 0, 0, 0, 0, -1)}, {Vector3.new(0, 13, 0), CFrame.new(0, 0, 0, 0, -1, 0, 1, 0, -0, 0, 0, 1)}, {Vector3.new(-7, 0, -4), CFrame.new(0, 0, 0, 0, 1, 0, 1, 0, 0, 0, 0, -1)}, {Vector3.new(-17, 0, -4), CFrame.new(0, 0, 0, 0, 1, 0, 1, 0, 0, 0, 0, -1)}, {Vector3.new(-13, 6, 0), CFrame.new(0, 0, 0, 0, 1, 0, 1, 0, 0, 0, 0, -1)}, {Vector3.new(1, 0, -4), CFrame.new(0, 0, 0, 0, 1, 0, 1, 0, 0, 0, 0, -1)}, {Vector3.new(11, 0, -4), CFrame.new(0, 0, 0, 0, 1, 0, 1, 0, 0, 0, 0, -1)}, {Vector3.new(5, 0, -4), CFrame.new(0, 0, 0, 0, 1, 0, 1, 0, 0, 0, 0, -1)}, {Vector3.new(4, 0, 7), CFrame.new(0, 0, 0, 0, 0, -1, 1, 0, 0, 0, -1, 0)}, {Vector3.new(1, 0, 0), CFrame.new(0, 0, 0, 0, 1, 0, 1, 0, 0, 0, 0, -1)}, {Vector3.new(-7, 10, 4), CFrame.new(0, 0, 0, 0, 1, 0, 1, 0, 0, 0, 0, -1)}, {Vector3.new(9, 0, -4), CFrame.new(0, 0, 0, 0, 1, 0, 1, 0, 0, 0, 0, -1)}, {Vector3.new(-11, 8, 0), CFrame.new(0, 0, 0, 0, 1, 0, 1, 0, 0, 0, 0, -1)}, {Vector3.new(-9, 10, -4), CFrame.new(0, 0, 0, 0, 1, 0, 1, 0, 0, 0, 0, -1)}, {Vector3.new(11, 0, 4), CFrame.new(0, 0, 0, 0, 1, 0, 1, 0, 0, 0, 0, -1)}, {Vector3.new(-7, 0, 4), CFrame.new(0, 0, 0, 0, 1, 0, 1, 0, 0, 0, 0, -1)}, {Vector3.new(1, 0, 4), CFrame.new(0, 0, 0, 0, 1, 0, 1, 0, 0, 0, 0, -1)}, {Vector3.new(-4, 0, 19), CFrame.new(0, 0, 0, 0, 0, -1, 1, 0, 0, 0, -1, 0)}, {Vector3.new(-19, 0, -4), CFrame.new(0, 0, 0, 0, 1, 0, 1, 0, 0, 0, 0, -1)}, {Vector3.new(-15, 4, 4), CFrame.new(0, 0, 0, 0, 1, 0, 1, 0, 0, 0, 0, -1)}, {Vector3.new(-15, 4, -4), CFrame.new(0, 0, 0, 0, 1, 0, 1, 0, 0, 0, 0, -1)}, {Vector3.new(-13, 6, -4), CFrame.new(0, 0, 0, 0, 1, 0, 1, 0, 0, 0, 0, -1)}, {Vector3.new(0, 0, 19), CFrame.new(0, 0, 0, 0, 0, -1, 1, 0, 0, 0, -1, 0)}, {Vector3.new(0, 0, 15), CFrame.new(0, 0, 0, 0, 0, -1, 1, 0, 0, 0, -1, 0)}, {Vector3.new(4, 10, -7), CFrame.new(0, 0, 0, 0, 0, 1, 1, 0, 0, 0, 1, 0)}, {Vector3.new(4, 0, 17), CFrame.new(0, 0, 0, 0, 0, -1, 1, 0, 0, 0, -1, 0)}, {Vector3.new(-4, 0, 15), CFrame.new(0, 0, 0, 0, 0, -1, 1, 0, 0, 0, -1, 0)}, {Vector3.new(15, 0, 0), CFrame.new(0, 0, 0, 0, 1, 0, 1, 0, 0, 0, 0, -1)}, {Vector3.new(-5, 0, 4), CFrame.new(0, 0, 0, 0, 1, 0, 1, 0, 0, 0, 0, -1)}, {Vector3.new(2, 29, 17), CFrame.new(0, 0, 0, 0, 0, -1, 1, 0, 0, 0, -1, 0)}, {Vector3.new(-9, 0, 0), CFrame.new(0, 0, 0, 0, 1, 0, 1, 0, 0, 0, 0, -1)}, {Vector3.new(-2, 29, 17), CFrame.new(0, 0, 0, 0, 0, -1, 1, 0, 0, 0, -1, 0)}, {Vector3.new(-4, 2, -17), CFrame.new(0, 0, 0, 0, 0, 1, 1, 0, 0, 0, 1, 0)}, {Vector3.new(-3, 0, 4), CFrame.new(0, 0, 0, 0, 1, 0, 1, 0, 0, 0, 0, -1)}, {Vector3.new(4, 2, -17), CFrame.new(0, 0, 0, 0, 0, 1, 1, 0, 0, 0, 1, 0)}, {Vector3.new(-3, 0, 0), CFrame.new(0, 0, 0, 0, 1, 0, 1, 0, 0, 0, 0, -1)}, {Vector3.new(-9, 0, 4), CFrame.new(0, 0, 0, 0, 1, 0, 1, 0, 0, 0, 0, -1)}, {Vector3.new(0, 16, 0), CFrame.new(0, 0, 0, 0, 0, -1, 1, 0, 0, 0, -1, 0)}, {Vector3.new(0, 13, 0), CFrame.new(0, 0, 0, 0, 0, -1, 1, 0, 0, 0, -1, 0)}, {Vector3.new(-13, 0, -4), CFrame.new(0, 0, 0, 0, 1, 0, 1, 0, 0, 0, 0, -1)}, {Vector3.new(-9, 10, 0), CFrame.new(0, 0, 0, 0, 1, 0, 1, 0, 0, 0, 0, -1)}, {Vector3.new(7, 0, -4), CFrame.new(0, 0, 0, 0, 1, 0, 1, 0, 0, 0, 0, -1)}, {Vector3.new(-4, 10, -7), CFrame.new(0, 0, 0, 0, 0, 1, 1, 0, 0, 0, 1, 0)}, {Vector3.new(0, 10, -7), CFrame.new(0, 0, 0, 0, 0, 1, 1, 0, 0, 0, 1, 0)}, {Vector3.new(-15, 4, 0), CFrame.new(0, 0, 0, 0, 1, 0, 1, 0, 0, 0, 0, -1)}, {Vector3.new(-11, 8, -4), CFrame.new(0, 0, 0, 0, 1, 0, 1, 0, 0, 0, 0, -1)}, {Vector3.new(-17, 0, 0), CFrame.new(0, 0, 0, 0, 1, 0, 1, 0, 0, 0, 0, -1)}, {Vector3.new(0, 19, 0), CFrame.new(0, 0, 0, 0, -1, 0, 1, 0, -0, 0, 0, 1)}, {Vector3.new(9, 10, 4), CFrame.new(0, 0, 0, 0, -1, 0, 1, 0, -0, 0, 0, 1)}, {Vector3.new(0, 19, 0), CFrame.new(0, 0, 0, 0, 0, -1, 1, 0, 0, 0, -1, 0)}, {Vector3.new(4, 4, -15), CFrame.new(0, 0, 0, 0, 0, 1, 1, 0, 0, 0, 1, 0)}, {Vector3.new(-4, 0, 7), CFrame.new(0, 0, 0, 0, 0, -1, 1, 0, 0, 0, -1, 0)}, {Vector3.new(-9, 10, 4), CFrame.new(0, 0, 0, 0, 1, 0, 1, 0, 0, 0, 0, -1)}, {Vector3.new(-17, 2, 4), CFrame.new(0, 0, 0, 0, 1, 0, 1, 0, 0, 0, 0, -1)}, {Vector3.new(-4, 4, -15), CFrame.new(0, 0, 0, 0, 0, 1, 1, 0, 0, 0, 1, 0)}, {Vector3.new(3, 0, 0), CFrame.new(0, 0, 0, 0, 1, 0, 1, 0, 0, 0, 0, -1)}, {Vector3.new(4, 0, -9), CFrame.new(0, 0, 0, 0, 0, -1, 1, 0, 0, 0, -1, 0)}, {Vector3.new(15, 0, 4), CFrame.new(0, 0, 0, 0, 1, 0, 1, 0, 0, 0, 0, -1)}, {Vector3.new(15, 0, -4), CFrame.new(0, 0, 0, 0, 1, 0, 1, 0, 0, 0, 0, -1)}, {Vector3.new(17, 0, 4), CFrame.new(0, 0, 0, 0, 1, 0, 1, 0, 0, 0, 0, -1)}, {Vector3.new(-15, 0, 4), CFrame.new(0, 0, 0, 0, 1, 0, 1, 0, 0, 0, 0, -1)}, {Vector3.new(15, 4, 4), CFrame.new(0, 0, 0, 0, -1, 0, 1, 0, -0, 0, 0, 1)}, {Vector3.new(13, 0, -4), CFrame.new(0, 0, 0, 0, 1, 0, 1, 0, 0, 0, 0, -1)}, {Vector3.new(-5, 0, 0), CFrame.new(0, 0, 0, 0, 1, 0, 1, 0, 0, 0, 0, -1)}, {Vector3.new(-15, 0, 0), CFrame.new(0, 0, 0, 0, 1, 0, 1, 0, 0, 0, 0, -1)}, {Vector3.new(-4, 2, 17), CFrame.new(0, 0, 0, 0, 0, -1, 1, 0, 0, 0, -1, 0)}, {Vector3.new(-4, 4, 15), CFrame.new(0, 0, 0, 0, 0, -1, 1, 0, 0, 0, -1, 0)}, {Vector3.new(0, 8, 11), CFrame.new(0, 0, 0, 0, 0, -1, 1, 0, 0, 0, -1, 0)}, {Vector3.new(19, 0, -4), CFrame.new(0, 0, 0, 0, -1, 0, 1, 0, -0, 0, 0, 1)}, {Vector3.new(9, 10, -4), CFrame.new(0, 0, 0, 0, -1, 0, 1, 0, -0, 0, 0, 1)}, {Vector3.new(9, 10, 4), CFrame.new(0, 0, 0, 0, -1, 0, 1, 0, -0, 0, 0, 1)}, {Vector3.new(4, 6, -13), CFrame.new(0, 0, 0, 0, 0, 1, 1, 0, 0, 0, 1, 0)}, {Vector3.new(0, 0, -19), CFrame.new(0, 0, 0, 0, 0, 1, 1, 0, 0, 0, 1, 0)}, {Vector3.new(-13, 0, 0), CFrame.new(0, 0, 0, 0, 1, 0, 1, 0, 0, 0, 0, -1)}, {Vector3.new(15, 4, -4), CFrame.new(0, 0, 0, 0, -1, 0, 1, 0, -0, 0, 0, 1)}, {Vector3.new(-4, 10, 9), CFrame.new(0, 0, 0, 0, 0, -1, 1, 0, 0, 0, -1, 0)}, {Vector3.new(7, 10, 4), CFrame.new(0, 0, 0, 0, -1, 0, 1, 0, -0, 0, 0, 1)}, {Vector3.new(4, 8, 11), CFrame.new(0, 0, 0, 0, 0, -1, 1, 0, 0, 0, -1, 0)}, {Vector3.new(13, 6, -4), CFrame.new(0, 0, 0, 0, -1, 0, 1, 0, -0, 0, 0, 1)}, {Vector3.new(4, 10, 7), CFrame.new(0, 0, 0, 0, 0, -1, 1, 0, 0, 0, -1, 0)}, {Vector3.new(4, 10, -9), CFrame.new(0, 0, 0, 0, 0, 1, 1, 0, 0, 0, 1, 0)}, {Vector3.new(0, 10, 9), CFrame.new(0, 0, 0, 0, 0, -1, 1, 0, 0, 0, -1, 0)}, {Vector3.new(13, 6, 0), CFrame.new(0, 0, 0, 0, -1, 0, 1, 0, -0, 0, 0, 1)}, {Vector3.new(4, 2, 17), CFrame.new(0, 0, 0, 0, 0, -1, 1, 0, 0, 0, -1, 0)}, {Vector3.new(-4, 10, 7), CFrame.new(0, 0, 0, 0, 0, -1, 1, 0, 0, 0, -1, 0)}, {Vector3.new(4, 0, 19), CFrame.new(0, 0, 0, 0, 0, -1, 1, 0, 0, 0, -1, 0)}, {Vector3.new(-11, 0, -4), CFrame.new(0, 0, 0, 0, 1, 0, 1, 0, 0, 0, 0, -1)}, {Vector3.new(11, 8, -4), CFrame.new(0, 0, 0, 0, -1, 0, 1, 0, -0, 0, 0, 1)}, {Vector3.new(13, 6, 4), CFrame.new(0, 0, 0, 0, -1, 0, 1, 0, -0, 0, 0, 1)}, {Vector3.new(19, 0, 0), CFrame.new(0, 0, 0, 0, -1, 0, 1, 0, -0, 0, 0, 1)}, {Vector3.new(3, 0, -4), CFrame.new(0, 0, 0, 0, 1, 0, 1, 0, 0, 0, 0, -1)}, {Vector3.new(-4, 10, -9), CFrame.new(0, 0, 0, 0, 0, 1, 1, 0, 0, 0, 1, 0)}, {Vector3.new(17, 2, -4), CFrame.new(0, 0, 0, 0, -1, 0, 1, 0, -0, 0, 0, 1)}, {Vector3.new(0, 10, 7), CFrame.new(0, 0, 0, 0, 0, -1, 1, 0, 0, 0, -1, 0)}, {Vector3.new(-4, 8, 11), CFrame.new(0, 0, 0, 0, 0, -1, 1, 0, 0, 0, -1, 0)}, {Vector3.new(4, 10, 9), CFrame.new(0, 0, 0, 0, 0, -1, 1, 0, 0, 0, -1, 0)}, {Vector3.new(-4, 0, -13), CFrame.new(0, 0, 0, 0, 0, -1, 1, 0, 0, 0, -1, 0)}, {Vector3.new(4, 0, -15), CFrame.new(0, 0, 0, 0, 0, -1, 1, 0, 0, 0, -1, 0)}, {Vector3.new(0, 0, 13), CFrame.new(0, 0, 0, 0, 0, -1, 1, 0, 0, 0, -1, 0)}, {Vector3.new(4, 0, -17), CFrame.new(0, 0, 0, 0, 0, -1, 1, 0, 0, 0, -1, 0)}, {Vector3.new(17, 0, -4), CFrame.new(0, 0, 0, 0, 1, 0, 1, 0, 0, 0, 0, -1)}, {Vector3.new(-1, 0, 0), CFrame.new(0, 0, 0, 0, 1, 0, 1, 0, 0, 0, 0, -1)}, {Vector3.new(17, 2, 4), CFrame.new(0, 0, 0, 0, -1, 0, 1, 0, -0, 0, 0, 1)}, {Vector3.new(-4, 0, 9), CFrame.new(0, 0, 0, 0, 0, -1, 1, 0, 0, 0, -1, 0)}, {Vector3.new(-4, 0, -11), CFrame.new(0, 0, 0, 0, 0, -1, 1, 0, 0, 0, -1, 0)}, {Vector3.new(0, 0, 9), CFrame.new(0, 0, 0, 0, 0, -1, 1, 0, 0, 0, -1, 0)}, {Vector3.new(-5, 0, -4), CFrame.new(0, 0, 0, 0, 1, 0, 1, 0, 0, 0, 0, -1)}, {Vector3.new(0, 0, 11), CFrame.new(0, 0, 0, 0, 0, -1, 1, 0, 0, 0, -1, 0)}, {Vector3.new(0, 0, -15), CFrame.new(0, 0, 0, 0, 0, -1, 1, 0, 0, 0, -1, 0)}, {Vector3.new(-9, 0, -4), CFrame.new(0, 0, 0, 0, 1, 0, 1, 0, 0, 0, 0, -1)}, {Vector3.new(0, 0, -11), CFrame.new(0, 0, 0, 0, 0, -1, 1, 0, 0, 0, -1, 0)}, {Vector3.new(4, 0, 13), CFrame.new(0, 0, 0, 0, 0, -1, 1, 0, 0, 0, -1, 0)}, {Vector3.new(-4, 0, -15), CFrame.new(0, 0, 0, 0, 0, -1, 1, 0, 0, 0, -1, 0)}, {Vector3.new(9, 0, 4), CFrame.new(0, 0, 0, 0, 1, 0, 1, 0, 0, 0, 0, -1)}, {Vector3.new(-4, 0, 13), CFrame.new(0, 0, 0, 0, 0, -1, 1, 0, 0, 0, -1, 0)}, {Vector3.new(-4, 0, 11), CFrame.new(0, 0, 0, 0, 0, -1, 1, 0, 0, 0, -1, 0)}, {Vector3.new(4, 0, 9), CFrame.new(0, 0, 0, 0, 0, -1, 1, 0, 0, 0, -1, 0)}, {Vector3.new(5, 0, 4), CFrame.new(0, 0, 0, 0, 1, 0, 1, 0, 0, 0, 0, -1)}, {Vector3.new(4, 0, 11), CFrame.new(0, 0, 0, 0, 0, -1, 1, 0, 0, 0, -1, 0)}, {Vector3.new(17, 29, -6), CFrame.new(0, 0, 0, 0, 1, 0, 1, 0, 0, 0, 0, -1)}, {Vector3.new(-17, 29, 2), CFrame.new(0, 0, 0, 0, 1, 0, 1, 0, 0, 0, 0, -1)}, {Vector3.new(0, 22, 0), CFrame.new(0, 0, 0, 0, -1, 0, 1, 0, -0, 0, 0, 1)}, {Vector3.new(4, 0, -11), CFrame.new(0, 0, 0, 0, 0, -1, 1, 0, 0, 0, -1, 0)}, {Vector3.new(-17, 29, 6), CFrame.new(0, 0, 0, 0, 1, 0, 1, 0, 0, 0, 0, -1)}, {Vector3.new(-4, 0, -17), CFrame.new(0, 0, 0, 0, 0, -1, 1, 0, 0, 0, -1, 0)}, {Vector3.new(-6, 29, -17), CFrame.new(0, 0, 0, 0, 0, -1, 1, 0, 0, 0, -1, 0)}, {Vector3.new(17, 29, 2), CFrame.new(0, 0, 0, 0, 1, 0, 1, 0, 0, 0, 0, -1)}, {Vector3.new(2, 29, -17), CFrame.new(0, 0, 0, 0, 0, -1, 1, 0, 0, 0, -1, 0)}, {Vector3.new(17, 29, 6), CFrame.new(0, 0, 0, 0, 1, 0, 1, 0, 0, 0, 0, -1)}, {Vector3.new(-17, 29, -6), CFrame.new(0, 0, 0, 0, 1, 0, 1, 0, 0, 0, 0, -1)}, {Vector3.new(0, 0, -17), CFrame.new(0, 0, 0, 0, 0, -1, 1, 0, 0, 0, -1, 0)}, {Vector3.new(-6, 29, 17), CFrame.new(0, 0, 0, 0, 0, -1, 1, 0, 0, 0, -1, 0)}, {Vector3.new(0, 0, 17), CFrame.new(0, 0, 0, 0, 0, -1, 1, 0, 0, 0, -1, 0)}, {Vector3.new(6, 29, -17), CFrame.new(0, 0, 0, 0, 0, -1, 1, 0, 0, 0, -1, 0)}, {Vector3.new(0, 0, -13), CFrame.new(0, 0, 0, 0, 0, -1, 1, 0, 0, 0, -1, 0)}, {Vector3.new(4, 0, -13), CFrame.new(0, 0, 0, 0, 0, -1, 1, 0, 0, 0, -1, 0)}, {Vector3.new(17, 29, -2), CFrame.new(0, 0, 0, 0, 1, 0, 1, 0, 0, 0, 0, -1)}, {Vector3.new(4, 0, 15), CFrame.new(0, 0, 0, 0, 0, -1, 1, 0, 0, 0, -1, 0)}, {Vector3.new(-4, 0, 17), CFrame.new(0, 0, 0, 0, 0, -1, 1, 0, 0, 0, -1, 0)}, {Vector3.new(-2, 29, -17), CFrame.new(0, 0, 0, 0, 0, -1, 1, 0, 0, 0, -1, 0)}, {Vector3.new(-4, 0, -9), CFrame.new(0, 0, 0, 0, 0, -1, 1, 0, 0, 0, -1, 0)}, {Vector3.new(-17, 29, -2), CFrame.new(0, 0, 0, 0, 1, 0, 1, 0, 0, 0, 0, -1)}}
  , 
  {["Item"] = "Walls", ["Amount"] = 6, ["Whole"] = false, {Vector3.new(-3, 10, 1.5), CFrame.new(0, 0, 0, 0, 1, 0, 1, 0, 0, 0, 0, -1)}, {Vector3.new(-3, 10, -1.5), CFrame.new(0, 0, 0, 0, 1, 0, 1, 0, 0, 0, 0, -1)}, {Vector3.new(3, 10, 1.5), CFrame.new(0, 0, 0, 0, 1, 0, 1, 0, 0, 0, 0, -1)}, {Vector3.new(3, 10, -1.5), CFrame.new(0, 0, 0, 0, 1, 0, 1, 0, 0, 0, 0, -1)}, {Vector3.new(-11, 23, 3.5), CFrame.new(0, 0, 0, 0.707106829, -0.707106829, 0, 0.707106829, 0.707106829, 0, 0, 0, 1)}, {Vector3.new(15, 27, -3.5), CFrame.new(0, 0, 0, -0.707106829, 0.707106829, 0, 0.707106829, 0.707106829, 0, 0, 0, -1)}, {Vector3.new(15, 27, 3.5), CFrame.new(0, 0, 0, -0.707106829, 0.707106829, 0, 0.707106829, 0.707106829, 0, 0, 0, -1)}, {Vector3.new(11, 23, -3.5), CFrame.new(0, 0, 0, -0.707106829, 0.707106829, 0, 0.707106829, 0.707106829, 0, 0, 0, -1)}, {Vector3.new(-3.5, 27, -15), CFrame.new(0, 0, 0, 0, 0, -1, 0.707106829, 0.707106829, 0, 0.707106829, -0.707106829, 0)}, {Vector3.new(-15, 27, 3.5), CFrame.new(0, 0, 0, 0.707106829, -0.707106829, 0, 0.707106829, 0.707106829, 0, 0, 0, 1)}, {Vector3.new(-11, 23, -3.5), CFrame.new(0, 0, 0, 0.707106829, -0.707106829, 0, 0.707106829, 0.707106829, 0, 0, 0, 1)}, {Vector3.new(11, 23, 3.5), CFrame.new(0, 0, 0, -0.707106829, 0.707106829, 0, 0.707106829, 0.707106829, 0, 0, 0, -1)}, {Vector3.new(3.5, 23, 11), CFrame.new(0, 0, 0, 0, 0, 1, 0.707106829, 0.707106829, 0, -0.707106829, 0.707106829, 0)}, {Vector3.new(-3.5, 27, 15), CFrame.new(0, 0, 0, 0, 0, 1, 0.707106829, 0.707106829, 0, -0.707106829, 0.707106829, 0)}, {Vector3.new(-3.5, 23, -11), CFrame.new(0, 0, 0, 0, 0, -1, 0.707106829, 0.707106829, 0, 0.707106829, -0.707106829, 0)}, {Vector3.new(3.5, 27, 15), CFrame.new(0, 0, 0, 0, 0, 1, 0.707106829, 0.707106829, 0, -0.707106829, 0.707106829, 0)}, {Vector3.new(3.5, 27, -15), CFrame.new(0, 0, 0, 0, 0, -1, 0.707106829, 0.707106829, 0, 0.707106829, -0.707106829, 0)}, {Vector3.new(-15, 27, -3.5), CFrame.new(0, 0, 0, 0.707106829, -0.707106829, 0, 0.707106829, 0.707106829, 0, 0, 0, 1)}, {Vector3.new(-3.5, 23, 11), CFrame.new(0, 0, 0, 0, 0, 1, 0.707106829, 0.707106829, 0, -0.707106829, 0.707106829, 0)}, {Vector3.new(3.5, 23, -11), CFrame.new(0, 0, 0, 0, 0, -1, 0.707106829, 0.707106829, 0, 0.707106829, -0.707106829, 0)}}
  }

SpawnBase(SmallBase, game.Players.LocalPlayer.Character.Head.Position-Vector3.new(0, 4, 0))
getrenv()["_G"].SendMessage("Base Loaded","Green")
